# iteration, then per sub-filter (413 439 465 490): mean, rms; sum of rms/mean; ENERGY if present
# reconstructed from the atsushi3_tiles_NNNN.fits headers (Slurm log not kept)
   0 2.8053 0.8914 3.1978 0.9039 3.1492 0.8735 3.0513 0.8777 1.16544
   1 2.8051 0.8913 3.1975 0.9038 3.1490 0.8735 3.0512 0.8777 1.16542
   2 2.8049 0.8912 3.1973 0.9037 3.1487 0.8734 3.0508 0.8777 1.16544
   3 2.8048 0.8911 3.1972 0.9036 3.1486 0.8734 3.0507 0.8777 1.16542
   4 2.8046 0.8910 3.1970 0.9035 3.1484 0.8733 3.0506 0.8776 1.16539
   5 2.8043 0.8911 3.1968 0.9034 3.1481 0.8732 3.0503 0.8775 1.16543
   6 2.8040 0.8910 3.1966 0.9033 3.1479 0.8731 3.0501 0.8775 1.16541
   7 2.8039 0.8909 3.1964 0.9031 3.1478 0.8731 3.0500 0.8776 1.16538
   8 2.8038 0.8907 3.1963 0.9030 3.1476 0.8730 3.0498 0.8776 1.16532
   9 2.8036 0.8906 3.1961 0.9029 3.1475 0.8729 3.0497 0.8775 1.16527
  10 2.8036 0.8906 3.1960 0.9028 3.1475 0.8729 3.0496 0.8775 1.16522
  11 2.8034 0.8905 3.1958 0.9027 3.1474 0.8728 3.0495 0.8775 1.16519
  12 2.8035 0.8904 3.1958 0.9027 3.1475 0.8727 3.0496 0.8775 1.16510
  13 2.8034 0.8904 3.1958 0.9026 3.1473 0.8727 3.0495 0.8774 1.16505
  14 2.8031 0.8903 3.1955 0.9026 3.1471 0.8726 3.0493 0.8774 1.16508
  15 2.8031 0.8903 3.1955 0.9025 3.1470 0.8725 3.0493 0.8773 1.16502
  16 2.8030 0.8902 3.1954 0.9024 3.1469 0.8725 3.0493 0.8773 1.16496
  17 2.8029 0.8902 3.1955 0.9023 3.1469 0.8724 3.0493 0.8771 1.16487
  18 2.8029 0.8901 3.1955 0.9023 3.1469 0.8724 3.0492 0.8772 1.16483
  19 2.8029 0.8902 3.1955 0.9022 3.1469 0.8723 3.0493 0.8771 1.16478
  20 2.8028 0.8902 3.1955 0.9020 3.1469 0.8724 3.0492 0.8770 1.16467
  21 2.8028 0.8901 3.1956 0.9020 3.1468 0.8723 3.0492 0.8769 1.16461
  22 2.8028 0.8901 3.1957 0.9020 3.1469 0.8722 3.0493 0.8769 1.16453
  23 2.8028 0.8900 3.1956 0.9019 3.1468 0.8722 3.0491 0.8768 1.16450
  24 2.8027 0.8899 3.1954 0.9019 3.1466 0.8721 3.0490 0.8767 1.16444
  25 2.8027 0.8897 3.1954 0.9018 3.1466 0.8721 3.0490 0.8768 1.16437
  26 2.8026 0.8896 3.1952 0.9017 3.1464 0.8720 3.0488 0.8768 1.16436
  27 2.8025 0.8894 3.1951 0.9016 3.1464 0.8720 3.0488 0.8768 1.16430
  28 2.8023 0.8894 3.1950 0.9015 3.1463 0.8720 3.0486 0.8767 1.16425
  29 2.8024 0.8894 3.1949 0.9013 3.1464 0.8719 3.0487 0.8767 1.16417
  30 2.8024 0.8893 3.1949 0.9013 3.1463 0.8717 3.0486 0.8767 1.16410
  31 2.8024 0.8893 3.1949 0.9012 3.1463 0.8716 3.0486 0.8766 1.16399
  32 2.8023 0.8892 3.1948 0.9012 3.1463 0.8716 3.0485 0.8766 1.16395
  33 2.8023 0.8891 3.1947 0.9012 3.1462 0.8715 3.0484 0.8765 1.16390
  34 2.8023 0.8889 3.1948 0.9012 3.1462 0.8715 3.0484 0.8765 1.16384
  35 2.8022 0.8889 3.1947 0.9010 3.1462 0.8716 3.0483 0.8764 1.16379
  36 2.8022 0.8889 3.1947 0.9009 3.1462 0.8714 3.0483 0.8764 1.16369
  37 2.8022 0.8888 3.1947 0.9009 3.1461 0.8714 3.0484 0.8763 1.16361
  38 2.8021 0.8887 3.1947 0.9009 3.1461 0.8714 3.0484 0.8763 1.16354
  39 2.8021 0.8886 3.1946 0.9008 3.1460 0.8713 3.0483 0.8762 1.16349
  40 2.8021 0.8886 3.1945 0.9007 3.1460 0.8712 3.0483 0.8762 1.16343
  41 2.8020 0.8885 3.1944 0.9007 3.1459 0.8712 3.0482 0.8761 1.16340
  42 2.8020 0.8883 3.1943 0.9006 3.1458 0.8712 3.0482 0.8761 1.16333
  43 2.8018 0.8883 3.1941 0.9005 3.1456 0.8712 3.0481 0.8760 1.16332
  44 2.8017 0.8884 3.1940 0.9004 3.1454 0.8711 3.0480 0.8760 1.16331
  45 2.8017 0.8884 3.1941 0.9002 3.1454 0.8710 3.0480 0.8759 1.16323
  46 2.8016 0.8883 3.1940 0.9001 3.1453 0.8710 3.0480 0.8759 1.16320
  47 2.8016 0.8883 3.1940 0.9002 3.1453 0.8709 3.0479 0.8759 1.16315
  48 2.8015 0.8882 3.1939 0.9001 3.1453 0.8708 3.0478 0.8759 1.16312
  49 2.8015 0.8881 3.1938 0.9002 3.1454 0.8707 3.0478 0.8759 1.16307
  50 2.8015 0.8880 3.1937 0.9001 3.1454 0.8707 3.0478 0.8759 1.16302
  51 2.8013 0.8881 3.1936 0.8999 3.1453 0.8707 3.0476 0.8758 1.16303
  52 2.8013 0.8881 3.1936 0.8999 3.1452 0.8707 3.0476 0.8758 1.16299
  53 2.8011 0.8879 3.1934 0.8999 3.1450 0.8706 3.0475 0.8758 1.16297
  54 2.8011 0.8878 3.1934 0.8998 3.1450 0.8705 3.0474 0.8758 1.16291
  55 2.8010 0.8877 3.1933 0.8998 3.1448 0.8705 3.0474 0.8758 1.16289
  56 2.8010 0.8877 3.1933 0.8997 3.1448 0.8703 3.0474 0.8758 1.16281
  57 2.8009 0.8877 3.1932 0.8997 3.1447 0.8701 3.0472 0.8758 1.16277
  58 2.8008 0.8875 3.1932 0.8997 3.1446 0.8701 3.0471 0.8757 1.16274
  59 2.8007 0.8875 3.1931 0.8996 3.1445 0.8702 3.0470 0.8756 1.16272
  60 2.8006 0.8875 3.1930 0.8995 3.1444 0.8701 3.0470 0.8756 1.16268
  61 2.8006 0.8874 3.1930 0.8995 3.1444 0.8701 3.0470 0.8755 1.16260
  62 2.8006 0.8874 3.1930 0.8995 3.1444 0.8700 3.0470 0.8754 1.16252
  63 2.8007 0.8873 3.1929 0.8994 3.1445 0.8699 3.0470 0.8754 1.16245
  64 2.8007 0.8872 3.1929 0.8994 3.1445 0.8698 3.0470 0.8753 1.16236
  65 2.8007 0.8871 3.1928 0.8993 3.1444 0.8698 3.0470 0.8752 1.16225
  66 2.8007 0.8870 3.1929 0.8992 3.1445 0.8697 3.0471 0.8752 1.16214
  67 2.8006 0.8870 3.1929 0.8990 3.1444 0.8698 3.0470 0.8750 1.16208
  68 2.8006 0.8870 3.1928 0.8989 3.1444 0.8698 3.0471 0.8750 1.16201
  69 2.8006 0.8870 3.1928 0.8988 3.1443 0.8697 3.0471 0.8749 1.16193
  70 2.8005 0.8870 3.1927 0.8988 3.1443 0.8696 3.0470 0.8748 1.16189
  71 2.8005 0.8869 3.1927 0.8987 3.1442 0.8696 3.0469 0.8747 1.16185
  72 2.8005 0.8868 3.1926 0.8988 3.1441 0.8694 3.0469 0.8748 1.16179
  73 2.8003 0.8867 3.1925 0.8987 3.1440 0.8694 3.0467 0.8747 1.16177
  74 2.8003 0.8865 3.1925 0.8987 3.1440 0.8694 3.0467 0.8746 1.16169
  75 2.8003 0.8865 3.1924 0.8986 3.1439 0.8694 3.0466 0.8746 1.16164
  76 2.8003 0.8864 3.1923 0.8986 3.1438 0.8693 3.0465 0.8745 1.16156
  77 2.8003 0.8863 3.1923 0.8985 3.1437 0.8692 3.0464 0.8745 1.16151
  78 2.8002 0.8862 3.1924 0.8983 3.1437 0.8692 3.0464 0.8746 1.16143
  79 2.8002 0.8861 3.1923 0.8982 3.1437 0.8691 3.0464 0.8745 1.16135
  80 2.8002 0.8861 3.1923 0.8981 3.1436 0.8691 3.0463 0.8744 1.16128
  81 2.8002 0.8861 3.1923 0.8980 3.1436 0.8690 3.0461 0.8744 1.16122
  82 2.8003 0.8860 3.1923 0.8980 3.1436 0.8688 3.0461 0.8743 1.16111
  83 2.8003 0.8859 3.1922 0.8979 3.1436 0.8688 3.0460 0.8744 1.16105
  84 2.8003 0.8858 3.1921 0.8978 3.1435 0.8688 3.0459 0.8743 1.16101
  85 2.8003 0.8858 3.1920 0.8978 3.1435 0.8686 3.0459 0.8743 1.16096
  86 2.8003 0.8857 3.1919 0.8977 3.1434 0.8686 3.0459 0.8743 1.16090
  87 2.8003 0.8857 3.1920 0.8976 3.1434 0.8686 3.0459 0.8741 1.16081
  88 2.8002 0.8856 3.1921 0.8976 3.1433 0.8685 3.0458 0.8741 1.16073
  89 2.8002 0.8856 3.1920 0.8974 3.1433 0.8685 3.0458 0.8740 1.16065
  90 2.8002 0.8856 3.1920 0.8973 3.1432 0.8683 3.0457 0.8739 1.16056
  91 2.8002 0.8856 3.1921 0.8973 3.1433 0.8683 3.0458 0.8738 1.16047
  92 2.8001 0.8856 3.1920 0.8971 3.1433 0.8682 3.0457 0.8738 1.16041
  93 2.8001 0.8856 3.1921 0.8970 3.1433 0.8681 3.0458 0.8737 1.16030
  94 2.8002 0.8855 3.1921 0.8970 3.1434 0.8680 3.0458 0.8736 1.16017
  95 2.8003 0.8854 3.1921 0.8969 3.1435 0.8680 3.0458 0.8736 1.16007
  96 2.8002 0.8854 3.1920 0.8967 3.1435 0.8680 3.0458 0.8735 1.16001
  97 2.8002 0.8854 3.1921 0.8966 3.1435 0.8679 3.0458 0.8735 1.15994
  98 2.8002 0.8854 3.1921 0.8965 3.1435 0.8679 3.0458 0.8734 1.15987
  99 2.8001 0.8853 3.1921 0.8965 3.1435 0.8678 3.0457 0.8734 1.15983
 100 2.8001 0.8853 3.1920 0.8964 3.1435 0.8677 3.0456 0.8733 1.15976
 101 2.8001 0.8852 3.1920 0.8964 3.1435 0.8676 3.0456 0.8733 1.15968
 102 2.8001 0.8853 3.1920 0.8962 3.1434 0.8676 3.0456 0.8732 1.15962
 103 2.8001 0.8852 3.1920 0.8961 3.1435 0.8676 3.0456 0.8731 1.15953
 104 2.8001 0.8851 3.1920 0.8960 3.1434 0.8675 3.0455 0.8731 1.15946
 105 2.8002 0.8851 3.1921 0.8960 3.1434 0.8674 3.0456 0.8730 1.15935
 106 2.8001 0.8850 3.1921 0.8959 3.1434 0.8674 3.0456 0.8730 1.15928
 107 2.8002 0.8849 3.1920 0.8959 3.1434 0.8673 3.0454 0.8730 1.15922
 108 2.8002 0.8848 3.1921 0.8958 3.1435 0.8673 3.0455 0.8729 1.15914
 109 2.8003 0.8848 3.1921 0.8958 3.1434 0.8673 3.0455 0.8728 1.15907
 110 2.8002 0.8848 3.1921 0.8956 3.1434 0.8672 3.0455 0.8729 1.15901
 111 2.8002 0.8848 3.1920 0.8954 3.1434 0.8672 3.0454 0.8728 1.15898
 112 2.8003 0.8848 3.1920 0.8953 3.1434 0.8671 3.0453 0.8727 1.15890
 113 2.8003 0.8848 3.1920 0.8952 3.1434 0.8671 3.0454 0.8727 1.15881
 114 2.8003 0.8847 3.1919 0.8952 3.1434 0.8670 3.0453 0.8727 1.15875
 115 2.8004 0.8845 3.1919 0.8951 3.1434 0.8668 3.0453 0.8727 1.15864
 116 2.8004 0.8844 3.1919 0.8951 3.1434 0.8667 3.0453 0.8727 1.15854
 117 2.8003 0.8843 3.1918 0.8951 3.1434 0.8667 3.0453 0.8726 1.15848
 118 2.8003 0.8843 3.1918 0.8950 3.1434 0.8666 3.0452 0.8725 1.15840
 119 2.8002 0.8842 3.1917 0.8949 3.1434 0.8666 3.0453 0.8725 1.15832
 120 2.8002 0.8841 3.1917 0.8949 3.1434 0.8664 3.0453 0.8725 1.15823
 121 2.8002 0.8840 3.1917 0.8949 3.1434 0.8664 3.0453 0.8724 1.15817
 122 2.8001 0.8840 3.1915 0.8948 3.1433 0.8663 3.0452 0.8724 1.15813
 123 2.8000 0.8840 3.1916 0.8947 3.1433 0.8662 3.0452 0.8723 1.15807
 124 2.7999 0.8840 3.1916 0.8946 3.1433 0.8662 3.0451 0.8722 1.15803
 125 2.7999 0.8840 3.1916 0.8945 3.1433 0.8662 3.0451 0.8721 1.15796
 126 2.7999 0.8839 3.1917 0.8944 3.1433 0.8661 3.0451 0.8721 1.15788
 127 2.7999 0.8838 3.1917 0.8943 3.1433 0.8661 3.0451 0.8720 1.15778
 128 2.7999 0.8837 3.1916 0.8943 3.1433 0.8661 3.0451 0.8720 1.15769
 129 2.7999 0.8837 3.1916 0.8942 3.1432 0.8659 3.0450 0.8719 1.15761
 130 2.7998 0.8835 3.1915 0.8942 3.1432 0.8658 3.0449 0.8719 1.15754
 131 2.7998 0.8835 3.1916 0.8940 3.1432 0.8659 3.0450 0.8718 1.15744
 132 2.7999 0.8834 3.1916 0.8940 3.1433 0.8658 3.0450 0.8718 1.15737
 133 2.7999 0.8834 3.1915 0.8939 3.1432 0.8657 3.0451 0.8717 1.15729
 134 2.7999 0.8834 3.1915 0.8939 3.1433 0.8656 3.0451 0.8716 1.15721
 135 2.7998 0.8833 3.1914 0.8939 3.1432 0.8655 3.0450 0.8716 1.15718
 136 2.7997 0.8834 3.1914 0.8938 3.1432 0.8654 3.0450 0.8715 1.15709
 137 2.7997 0.8833 3.1913 0.8937 3.1432 0.8653 3.0450 0.8714 1.15702
 138 2.7998 0.8832 3.1912 0.8936 3.1432 0.8652 3.0448 0.8714 1.15693
 139 2.7997 0.8832 3.1912 0.8935 3.1432 0.8652 3.0448 0.8714 1.15688
 140 2.7997 0.8832 3.1911 0.8935 3.1432 0.8651 3.0448 0.8713 1.15683
 141 2.7996 0.8831 3.1910 0.8934 3.1432 0.8650 3.0447 0.8712 1.15674
 142 2.7996 0.8830 3.1910 0.8933 3.1431 0.8650 3.0447 0.8712 1.15669
 143 2.7996 0.8829 3.1910 0.8933 3.1431 0.8650 3.0447 0.8712 1.15663
 144 2.7995 0.8828 3.1909 0.8932 3.1430 0.8649 3.0446 0.8711 1.15657
 145 2.7996 0.8827 3.1911 0.8931 3.1430 0.8649 3.0447 0.8711 1.15646
 146 2.7997 0.8826 3.1912 0.8931 3.1430 0.8649 3.0448 0.8710 1.15636
 147 2.7996 0.8826 3.1912 0.8930 3.1430 0.8648 3.0447 0.8710 1.15632
 148 2.7996 0.8826 3.1911 0.8929 3.1430 0.8647 3.0447 0.8710 1.15625
 149 2.7996 0.8825 3.1911 0.8928 3.1430 0.8647 3.0447 0.8709 1.15617
 150 2.7996 0.8826 3.1912 0.8928 3.1429 0.8646 3.0447 0.8708 1.15612
 151 2.7995 0.8825 3.1912 0.8928 3.1429 0.8645 3.0447 0.8708 1.15607
 152 2.7995 0.8825 3.1911 0.8927 3.1429 0.8645 3.0448 0.8707 1.15599
 153 2.7996 0.8823 3.1911 0.8926 3.1429 0.8644 3.0448 0.8707 1.15591
 154 2.7996 0.8823 3.1911 0.8925 3.1429 0.8643 3.0448 0.8707 1.15583
 155 2.7996 0.8823 3.1911 0.8924 3.1429 0.8643 3.0447 0.8708 1.15577
 156 2.7996 0.8822 3.1912 0.8923 3.1429 0.8642 3.0447 0.8708 1.15569
 157 2.7997 0.8822 3.1911 0.8922 3.1429 0.8641 3.0447 0.8707 1.15561
 158 2.7997 0.8821 3.1912 0.8922 3.1428 0.8641 3.0447 0.8706 1.15553
 159 2.7996 0.8821 3.1912 0.8921 3.1428 0.8640 3.0447 0.8705 1.15547
 160 2.7996 0.8821 3.1911 0.8921 3.1427 0.8641 3.0446 0.8703 1.15544
 161 2.7996 0.8821 3.1911 0.8919 3.1428 0.8640 3.0446 0.8703 1.15534
 162 2.7996 0.8820 3.1910 0.8919 3.1427 0.8640 3.0445 0.8703 1.15529
 163 2.7996 0.8819 3.1910 0.8918 3.1427 0.8639 3.0446 0.8702 1.15521
 164 2.7997 0.8819 3.1910 0.8918 3.1427 0.8639 3.0445 0.8702 1.15516
 165 2.7997 0.8818 3.1910 0.8917 3.1427 0.8639 3.0445 0.8700 1.15507
 166 2.7997 0.8818 3.1911 0.8916 3.1427 0.8638 3.0446 0.8700 1.15497
 167 2.7998 0.8818 3.1911 0.8916 3.1428 0.8638 3.0447 0.8699 1.15489
 168 2.7998 0.8818 3.1911 0.8914 3.1428 0.8637 3.0448 0.8698 1.15480
 169 2.7998 0.8818 3.1911 0.8914 3.1428 0.8637 3.0448 0.8697 1.15475
 170 2.7998 0.8818 3.1911 0.8914 3.1428 0.8636 3.0448 0.8697 1.15470
 171 2.7998 0.8817 3.1911 0.8914 3.1428 0.8635 3.0448 0.8697 1.15465
 172 2.7997 0.8817 3.1910 0.8913 3.1427 0.8635 3.0447 0.8696 1.15462
 173 2.7996 0.8816 3.1910 0.8912 3.1427 0.8635 3.0447 0.8696 1.15457
 174 2.7996 0.8816 3.1910 0.8912 3.1427 0.8635 3.0447 0.8695 1.15449
 175 2.7996 0.8816 3.1911 0.8911 3.1427 0.8634 3.0448 0.8694 1.15442
 176 2.7997 0.8815 3.1911 0.8911 3.1427 0.8634 3.0448 0.8693 1.15435
 177 2.7996 0.8815 3.1911 0.8911 3.1426 0.8633 3.0448 0.8693 1.15431
 178 2.7996 0.8814 3.1912 0.8910 3.1425 0.8633 3.0448 0.8692 1.15425
 179 2.7995 0.8814 3.1912 0.8909 3.1425 0.8633 3.0449 0.8692 1.15418
 180 2.7996 0.8813 3.1912 0.8909 3.1426 0.8632 3.0449 0.8691 1.15409
 181 2.7996 0.8813 3.1912 0.8908 3.1426 0.8632 3.0449 0.8690 1.15402
 182 2.7996 0.8812 3.1911 0.8908 3.1426 0.8631 3.0449 0.8690 1.15395
 183 2.7996 0.8812 3.1912 0.8907 3.1426 0.8630 3.0449 0.8690 1.15389
 184 2.7997 0.8811 3.1911 0.8907 3.1426 0.8630 3.0449 0.8689 1.15382
 185 2.7997 0.8811 3.1911 0.8906 3.1427 0.8630 3.0449 0.8688 1.15373
 186 2.7997 0.8810 3.1911 0.8905 3.1427 0.8629 3.0448 0.8687 1.15366
 187 2.7997 0.8810 3.1910 0.8904 3.1427 0.8629 3.0448 0.8688 1.15359
 188 2.7997 0.8809 3.1910 0.8904 3.1428 0.8629 3.0448 0.8687 1.15355
 189 2.7997 0.8809 3.1910 0.8903 3.1426 0.8629 3.0448 0.8687 1.15351
 190 2.7997 0.8808 3.1911 0.8902 3.1427 0.8628 3.0447 0.8687 1.15344
 191 2.7997 0.8808 3.1910 0.8902 3.1427 0.8627 3.0447 0.8687 1.15339
 192 2.7997 0.8807 3.1910 0.8901 3.1426 0.8627 3.0448 0.8686 1.15332
 193 2.7997 0.8806 3.1911 0.8901 3.1426 0.8627 3.0447 0.8685 1.15327
 194 2.7996 0.8806 3.1911 0.8901 3.1425 0.8626 3.0447 0.8685 1.15323
 195 2.7996 0.8806 3.1910 0.8900 3.1425 0.8626 3.0447 0.8685 1.15319
 196 2.7997 0.8806 3.1911 0.8900 3.1426 0.8625 3.0448 0.8685 1.15314
 197 2.7996 0.8806 3.1911 0.8899 3.1425 0.8624 3.0448 0.8685 1.15310
 198 2.7996 0.8806 3.1911 0.8899 3.1425 0.8624 3.0448 0.8684 1.15303
 199 2.7996 0.8805 3.1911 0.8898 3.1425 0.8623 3.0449 0.8684 1.15298
 200 2.7996 0.8805 3.1910 0.8898 3.1425 0.8623 3.0449 0.8683 1.15293
