# iter mean413 mean439 mean465 mean490 rms413 rms439 rms465 rms490
0.000000 2.703819 3.084808 3.056445 2.961979 0.891129 0.893341 0.869501 0.867196
1.000000 2.703623 3.084624 3.056268 2.961736 0.890971 0.893213 0.869434 0.867068
2.000000 2.703621 3.084625 3.056306 2.961727 0.890864 0.893124 0.869278 0.866969
3.000000 2.703413 3.084424 3.056176 2.961495 0.890741 0.893151 0.869072 0.866772
4.000000 2.703349 3.084285 3.056184 2.961466 0.890604 0.893025 0.868988 0.866759
5.000000 2.703427 3.084302 3.056160 2.961409 0.890460 0.892939 0.868849 0.866773
6.000000 2.703227 3.084139 3.056011 2.961235 0.890401 0.892795 0.868780 0.866727
7.000000 2.703147 3.083960 3.055883 2.961052 0.890283 0.892760 0.868642 0.866728
8.000000 2.703199 3.084077 3.055958 2.961169 0.890204 0.892737 0.868572 0.866634
9.000000 2.702957 3.083812 3.055847 2.960921 0.890130 0.892634 0.868437 0.866451
10.000000 2.702975 3.083736 3.055769 2.960821 0.890166 0.892327 0.868432 0.866232
11.000000 2.702912 3.083638 3.055701 2.960733 0.890087 0.892249 0.868300 0.866056
12.000000 2.702834 3.083558 3.055640 2.960605 0.890045 0.892061 0.868239 0.865981
13.000000 2.702599 3.083352 3.055345 2.960385 0.889912 0.891997 0.868102 0.865945
14.000000 2.702494 3.083392 3.055421 2.960394 0.889896 0.891992 0.867930 0.865896
15.000000 2.702374 3.083203 3.055243 2.960172 0.889757 0.891962 0.867934 0.865689
16.000000 2.702384 3.083064 3.055249 2.960132 0.889565 0.891788 0.867911 0.865605
17.000000 2.702300 3.083094 3.055217 2.960231 0.889482 0.891670 0.867854 0.865475
18.000000 2.702385 3.083109 3.055272 2.960192 0.889455 0.891577 0.867706 0.865316
19.000000 2.702274 3.083031 3.055102 2.960139 0.889313 0.891538 0.867615 0.865191
20.000000 2.702177 3.082900 3.055000 2.960047 0.889259 0.891532 0.867491 0.865072
21.000000 2.702122 3.082923 3.055042 2.960054 0.889204 0.891401 0.867417 0.864979
22.000000 2.702108 3.082785 3.054891 2.959959 0.889074 0.891325 0.867386 0.864953
23.000000 2.701956 3.082647 3.054750 2.959776 0.889109 0.891235 0.867258 0.864757
24.000000 2.701905 3.082503 3.054651 2.959604 0.888990 0.891167 0.867247 0.864621
25.000000 2.701794 3.082448 3.054513 2.959473 0.888943 0.891105 0.867077 0.864553
26.000000 2.701687 3.082335 3.054407 2.959399 0.888898 0.890962 0.867034 0.864319
27.000000 2.701724 3.082348 3.054365 2.959474 0.888765 0.890906 0.866909 0.864265
28.000000 2.701622 3.082212 3.054179 2.959200 0.888716 0.890773 0.866759 0.864083
29.000000 2.701583 3.082205 3.054066 2.959202 0.888710 0.890584 0.866685 0.863976
30.000000 2.701637 3.082334 3.054130 2.959223 0.888637 0.890374 0.866657 0.863768
31.000000 2.701631 3.082363 3.054163 2.959310 0.888472 0.890373 0.866395 0.863721
32.000000 2.701780 3.082384 3.054289 2.959373 0.888343 0.890291 0.866233 0.863693
33.000000 2.701786 3.082409 3.054255 2.959319 0.888328 0.890075 0.866171 0.863630
34.000000 2.701797 3.082275 3.054269 2.959281 0.888177 0.890129 0.866039 0.863549
35.000000 2.701841 3.082208 3.054181 2.959168 0.888113 0.890090 0.865942 0.863394
36.000000 2.701773 3.082166 3.054209 2.959149 0.888057 0.890056 0.865813 0.863348
37.000000 2.701642 3.082085 3.054125 2.959117 0.888091 0.889885 0.865718 0.863211
38.000000 2.701571 3.081995 3.054035 2.958990 0.887908 0.889806 0.865480 0.863193
39.000000 2.701406 3.081819 3.053883 2.958831 0.887704 0.889762 0.865388 0.863052
40.000000 2.701418 3.081836 3.053894 2.958847 0.887700 0.889720 0.865247 0.862915
41.000000 2.701324 3.081788 3.053839 2.958767 0.887585 0.889649 0.865113 0.862922
42.000000 2.701369 3.081633 3.053826 2.958543 0.887614 0.889472 0.865017 0.862804
43.000000 2.701382 3.081680 3.053753 2.958515 0.887514 0.889386 0.864863 0.862732
44.000000 2.701296 3.081534 3.053640 2.958462 0.887464 0.889293 0.864692 0.862682
45.000000 2.701295 3.081511 3.053663 2.958436 0.887163 0.889333 0.864606 0.862678
46.000000 2.701255 3.081586 3.053530 2.958408 0.887073 0.889241 0.864590 0.862573
47.000000 2.701092 3.081512 3.053399 2.958262 0.886958 0.889145 0.864483 0.862476
48.000000 2.701084 3.081640 3.053426 2.958403 0.886917 0.889138 0.864337 0.862377
49.000000 2.700886 3.081537 3.053270 2.958320 0.886870 0.889063 0.864244 0.862274
50.000000 2.700755 3.081478 3.053099 2.958309 0.886712 0.889010 0.864227 0.862171
51.000000 2.700764 3.081429 3.053058 2.958261 0.886623 0.888953 0.864229 0.862058
52.000000 2.700823 3.081438 3.053065 2.958263 0.886575 0.888815 0.864169 0.861873
53.000000 2.700728 3.081293 3.052995 2.958168 0.886456 0.888792 0.864012 0.861751
54.000000 2.700706 3.081206 3.053017 2.958045 0.886340 0.888698 0.863911 0.861659
55.000000 2.700659 3.081142 3.052944 2.957955 0.886262 0.888658 0.863799 0.861583
56.000000 2.700641 3.081128 3.052905 2.957909 0.886325 0.888492 0.863747 0.861377
57.000000 2.700487 3.081018 3.052816 2.957735 0.886255 0.888334 0.863801 0.861206
58.000000 2.700414 3.080887 3.052749 2.957657 0.886239 0.888164 0.863796 0.861054
59.000000 2.700342 3.080855 3.052674 2.957586 0.886156 0.888082 0.863679 0.860963
60.000000 2.700146 3.080839 3.052536 2.957545 0.886116 0.888001 0.863613 0.860886
61.000000 2.700217 3.080812 3.052534 2.957495 0.886072 0.887935 0.863518 0.860836
62.000000 2.700174 3.080743 3.052552 2.957448 0.885875 0.887974 0.863297 0.860802
63.000000 2.700141 3.080670 3.052430 2.957270 0.885847 0.887926 0.863218 0.860650
64.000000 2.700017 3.080697 3.052269 2.957327 0.885651 0.887839 0.863130 0.860584
65.000000 2.700024 3.080673 3.052288 2.957318 0.885600 0.887738 0.863054 0.860521
66.000000 2.699858 3.080619 3.052196 2.957306 0.885580 0.887586 0.862997 0.860389
67.000000 2.699750 3.080596 3.052167 2.957333 0.885556 0.887479 0.862893 0.860290
68.000000 2.699692 3.080525 3.052080 2.957235 0.885445 0.887412 0.862884 0.860169
69.000000 2.699613 3.080401 3.051955 2.957078 0.885305 0.887330 0.862915 0.859989
70.000000 2.699528 3.080408 3.051966 2.957076 0.885216 0.887155 0.862892 0.859933
71.000000 2.699454 3.080330 3.051833 2.957005 0.885145 0.887170 0.862825 0.859758
72.000000 2.699549 3.080320 3.051820 2.956984 0.885097 0.886998 0.862781 0.859675
73.000000 2.699476 3.080340 3.051795 2.957044 0.885059 0.887011 0.862615 0.859599
74.000000 2.699445 3.080337 3.051726 2.957032 0.884984 0.886922 0.862464 0.859507
75.000000 2.699305 3.080286 3.051621 2.956968 0.884944 0.886776 0.862425 0.859417
76.000000 2.699389 3.080348 3.051656 2.957055 0.884936 0.886699 0.862276 0.859268
77.000000 2.699414 3.080318 3.051665 2.957005 0.884795 0.886676 0.862047 0.859254
78.000000 2.699410 3.080303 3.051721 2.957007 0.884730 0.886513 0.861963 0.859114
79.000000 2.699362 3.080281 3.051572 2.956982 0.884657 0.886466 0.861916 0.858987
80.000000 2.699345 3.080285 3.051609 2.957029 0.884533 0.886360 0.861838 0.858971
81.000000 2.699296 3.080283 3.051555 2.957021 0.884493 0.886277 0.861798 0.858831
82.000000 2.699231 3.080128 3.051445 2.956786 0.884639 0.886179 0.861601 0.858598
83.000000 2.699181 3.080032 3.051379 2.956710 0.884606 0.886090 0.861430 0.858518
84.000000 2.699170 3.079957 3.051409 2.956610 0.884559 0.886030 0.861341 0.858442
85.000000 2.699082 3.079892 3.051296 2.956566 0.884519 0.885730 0.861326 0.858415
86.000000 2.698989 3.079793 3.051149 2.956532 0.884389 0.885668 0.861207 0.858372
87.000000 2.698961 3.079799 3.051088 2.956502 0.884262 0.885626 0.861203 0.858235
88.000000 2.698859 3.079783 3.050972 2.956433 0.884198 0.885467 0.861122 0.858269
89.000000 2.698766 3.079681 3.050910 2.956423 0.884090 0.885387 0.860927 0.858185
90.000000 2.698800 3.079649 3.050790 2.956426 0.883955 0.885255 0.860952 0.858085
91.000000 2.698759 3.079578 3.050800 2.956373 0.883890 0.885238 0.860838 0.857973
92.000000 2.698716 3.079605 3.050765 2.956322 0.883857 0.885093 0.860793 0.857836
93.000000 2.698733 3.079620 3.050877 2.956302 0.883770 0.885056 0.860727 0.857741
94.000000 2.698720 3.079544 3.050919 2.956300 0.883703 0.885082 0.860623 0.857624
95.000000 2.698695 3.079503 3.050911 2.956246 0.883491 0.884965 0.860560 0.857585
96.000000 2.698700 3.079463 3.050936 2.956276 0.883417 0.884886 0.860482 0.857542
97.000000 2.698562 3.079402 3.050905 2.956293 0.883380 0.884771 0.860355 0.857470
98.000000 2.698603 3.079403 3.050920 2.956324 0.883226 0.884726 0.860288 0.857406
99.000000 2.698652 3.079365 3.050975 2.956253 0.883187 0.884623 0.860183 0.857369
100.000000 2.698601 3.079312 3.050977 2.956260 0.883075 0.884659 0.860043 0.857241
101.000000 2.698634 3.079296 3.051005 2.956203 0.883058 0.884585 0.859963 0.857151
102.000000 2.698638 3.079289 3.051124 2.956357 0.883033 0.884508 0.859866 0.857069
103.000000 2.698604 3.079308 3.051106 2.956292 0.883003 0.884469 0.859751 0.856966
104.000000 2.698580 3.079317 3.051048 2.956357 0.882907 0.884325 0.859744 0.856860
105.000000 2.698638 3.079342 3.051151 2.956440 0.882801 0.884307 0.859637 0.856794
106.000000 2.698556 3.079307 3.051141 2.956331 0.882675 0.884108 0.859593 0.856791
107.000000 2.698395 3.079333 3.051009 2.956321 0.882684 0.883988 0.859543 0.856677
108.000000 2.698476 3.079247 3.051087 2.956295 0.882618 0.883916 0.859413 0.856596
109.000000 2.698481 3.079231 3.051110 2.956247 0.882552 0.883862 0.859391 0.856548
110.000000 2.698467 3.079313 3.051100 2.956178 0.882472 0.883765 0.859304 0.856472
111.000000 2.698354 3.079253 3.051007 2.956099 0.882446 0.883660 0.859198 0.856370
112.000000 2.698302 3.079258 3.050997 2.956072 0.882386 0.883584 0.859139 0.856276
113.000000 2.698353 3.079217 3.051035 2.956030 0.882384 0.883570 0.858971 0.856229
114.000000 2.698358 3.079213 3.050983 2.956036 0.882298 0.883570 0.858859 0.856221
115.000000 2.698237 3.079249 3.050943 2.955986 0.882270 0.883416 0.858772 0.856175
116.000000 2.698226 3.079201 3.050985 2.955974 0.882153 0.883311 0.858770 0.856120
117.000000 2.698260 3.079177 3.050961 2.955976 0.882190 0.883103 0.858750 0.856044
118.000000 2.698209 3.079152 3.050911 2.955933 0.882193 0.882966 0.858706 0.855986
119.000000 2.698195 3.079073 3.050886 2.955852 0.882048 0.883034 0.858570 0.855905
120.000000 2.698182 3.079111 3.050863 2.955793 0.881983 0.882912 0.858493 0.855852
121.000000 2.698169 3.078999 3.050808 2.955635 0.881880 0.882857 0.858373 0.855829
122.000000 2.698140 3.078989 3.050730 2.955602 0.881840 0.882701 0.858331 0.855766
123.000000 2.698101 3.078955 3.050632 2.955680 0.881740 0.882708 0.858304 0.855642
124.000000 2.698132 3.078880 3.050676 2.955740 0.881634 0.882651 0.858269 0.855531
125.000000 2.698119 3.078851 3.050618 2.955727 0.881491 0.882670 0.858189 0.855492
126.000000 2.698039 3.078661 3.050639 2.955580 0.881380 0.882604 0.858067 0.855455
127.000000 2.697946 3.078538 3.050483 2.955445 0.881281 0.882489 0.858025 0.855304
128.000000 2.698045 3.078470 3.050585 2.955469 0.881166 0.882501 0.857941 0.855189
129.000000 2.698067 3.078427 3.050606 2.955457 0.881097 0.882467 0.857834 0.855137
130.000000 2.698082 3.078461 3.050615 2.955514 0.880991 0.882389 0.857689 0.855119
131.000000 2.698108 3.078456 3.050711 2.955527 0.880926 0.882323 0.857518 0.855103
132.000000 2.698115 3.078439 3.050723 2.955492 0.880864 0.882258 0.857419 0.855019
133.000000 2.698102 3.078297 3.050664 2.955446 0.880855 0.882261 0.857287 0.854875
134.000000 2.698089 3.078290 3.050735 2.955518 0.880739 0.882240 0.857182 0.854895
135.000000 2.698093 3.078382 3.050667 2.955554 0.880648 0.882135 0.857164 0.854842
136.000000 2.698084 3.078309 3.050631 2.955529 0.880605 0.882054 0.857133 0.854672
137.000000 2.698017 3.078287 3.050592 2.955591 0.880637 0.881993 0.857054 0.854563
138.000000 2.697982 3.078229 3.050555 2.955544 0.880521 0.881913 0.857018 0.854515
139.000000 2.697985 3.078186 3.050577 2.955537 0.880473 0.881873 0.856960 0.854432
140.000000 2.698004 3.078273 3.050571 2.955591 0.880456 0.881742 0.856924 0.854356
141.000000 2.697923 3.078227 3.050500 2.955482 0.880465 0.881640 0.856906 0.854246
142.000000 2.698009 3.078309 3.050570 2.955554 0.880408 0.881609 0.856784 0.854208
143.000000 2.698004 3.078278 3.050509 2.955570 0.880396 0.881433 0.856744 0.854137
144.000000 2.698057 3.078249 3.050547 2.955495 0.880327 0.881361 0.856680 0.854058
145.000000 2.698037 3.078336 3.050521 2.955492 0.880307 0.881234 0.856681 0.853987
146.000000 2.698058 3.078324 3.050559 2.955443 0.880139 0.881154 0.856621 0.853996
147.000000 2.698020 3.078208 3.050518 2.955383 0.880093 0.881057 0.856620 0.853904
148.000000 2.698022 3.078231 3.050485 2.955338 0.879912 0.881107 0.856596 0.853796
149.000000 2.698018 3.078256 3.050509 2.955366 0.879798 0.881028 0.856546 0.853758
150.000000 2.698009 3.078211 3.050515 2.955403 0.879812 0.880936 0.856440 0.853714
151.000000 2.697938 3.078185 3.050423 2.955383 0.879735 0.880849 0.856454 0.853615
152.000000 2.698065 3.078258 3.050534 2.955440 0.879771 0.880731 0.856380 0.853450
153.000000 2.698007 3.078285 3.050519 2.955487 0.879655 0.880704 0.856260 0.853406
154.000000 2.697976 3.078309 3.050546 2.955496 0.879547 0.880675 0.856234 0.853318
155.000000 2.697941 3.078372 3.050461 2.955435 0.879622 0.880519 0.856242 0.853203
156.000000 2.697884 3.078284 3.050416 2.955425 0.879574 0.880466 0.856200 0.853129
157.000000 2.697866 3.078249 3.050438 2.955384 0.879371 0.880436 0.856159 0.853130
158.000000 2.697903 3.078372 3.050433 2.955487 0.879365 0.880331 0.856039 0.853076
159.000000 2.697988 3.078364 3.050483 2.955514 0.879245 0.880329 0.855986 0.853028
160.000000 2.697938 3.078380 3.050468 2.955563 0.879198 0.880301 0.855898 0.852993
161.000000 2.697980 3.078364 3.050463 2.955533 0.879194 0.880245 0.855761 0.852920
162.000000 2.697982 3.078351 3.050423 2.955484 0.879125 0.880185 0.855660 0.852909
163.000000 2.697926 3.078317 3.050387 2.955450 0.879091 0.880175 0.855595 0.852830
164.000000 2.697889 3.078297 3.050336 2.955379 0.879053 0.880143 0.855512 0.852745
165.000000 2.697918 3.078223 3.050356 2.955374 0.879048 0.880064 0.855462 0.852717
166.000000 2.697887 3.078154 3.050334 2.955340 0.878991 0.880053 0.855384 0.852650
167.000000 2.697854 3.078171 3.050398 2.955329 0.879017 0.879912 0.855343 0.852550
168.000000 2.697867 3.078218 3.050383 2.955342 0.878898 0.879889 0.855295 0.852551
169.000000 2.697864 3.078151 3.050309 2.955250 0.878776 0.879929 0.855200 0.852483
170.000000 2.697824 3.078152 3.050238 2.955233 0.878790 0.879850 0.855177 0.852385
171.000000 2.697807 3.078103 3.050256 2.955213 0.878751 0.879733 0.855111 0.852370
172.000000 2.697848 3.078164 3.050300 2.955269 0.878643 0.879720 0.855030 0.852392
173.000000 2.697836 3.078201 3.050340 2.955287 0.878568 0.879657 0.854954 0.852383
174.000000 2.697840 3.078150 3.050309 2.955175 0.878526 0.879575 0.854956 0.852283
175.000000 2.697824 3.078160 3.050288 2.955213 0.878441 0.879541 0.854886 0.852264
176.000000 2.697814 3.078187 3.050338 2.955207 0.878416 0.879458 0.854859 0.852179
177.000000 2.697700 3.078172 3.050237 2.955166 0.878359 0.879356 0.854846 0.852117
178.000000 2.697681 3.078197 3.050299 2.955184 0.878286 0.879309 0.854730 0.852041
179.000000 2.697683 3.078156 3.050285 2.955176 0.878302 0.879262 0.854642 0.851992
180.000000 2.697624 3.078209 3.050268 2.955203 0.878266 0.879168 0.854617 0.851958
181.000000 2.697606 3.078137 3.050318 2.955194 0.878252 0.879114 0.854521 0.851935
182.000000 2.697615 3.078162 3.050356 2.955275 0.878304 0.878995 0.854497 0.851820
183.000000 2.697627 3.078234 3.050401 2.955347 0.878307 0.878909 0.854477 0.851700
184.000000 2.697573 3.078163 3.050350 2.955340 0.878226 0.878875 0.854466 0.851689
185.000000 2.697565 3.078167 3.050372 2.955319 0.878186 0.878808 0.854440 0.851645
186.000000 2.697561 3.078222 3.050395 2.955299 0.878145 0.878731 0.854458 0.851562
187.000000 2.697614 3.078152 3.050414 2.955235 0.878050 0.878725 0.854374 0.851522
188.000000 2.697596 3.078125 3.050377 2.955228 0.877999 0.878689 0.854289 0.851493
189.000000 2.697617 3.078126 3.050424 2.955245 0.877958 0.878688 0.854203 0.851434
190.000000 2.697585 3.078151 3.050387 2.955295 0.877998 0.878611 0.854179 0.851317
191.000000 2.697590 3.078174 3.050433 2.955307 0.877959 0.878615 0.854074 0.851268
192.000000 2.697619 3.078196 3.050419 2.955352 0.877918 0.878638 0.853988 0.851191
193.000000 2.697575 3.078201 3.050400 2.955405 0.877914 0.878563 0.853902 0.851156
194.000000 2.697602 3.078158 3.050414 2.955406 0.877908 0.878487 0.853888 0.851091
195.000000 2.697557 3.078160 3.050403 2.955434 0.877868 0.878387 0.853846 0.851050
196.000000 2.697590 3.078159 3.050423 2.955428 0.877822 0.878379 0.853818 0.850996
197.000000 2.697670 3.078129 3.050537 2.955432 0.877780 0.878327 0.853727 0.850993
198.000000 2.697644 3.078113 3.050529 2.955370 0.877742 0.878269 0.853727 0.850911
199.000000 2.697653 3.078063 3.050542 2.955330 0.877732 0.878209 0.853681 0.850862
200.000000 2.697662 3.078162 3.050573 2.955347 0.877687 0.878166 0.853658 0.850786
