# iter mean413 mean439 mean465 mean490 rms413 rms439 rms465 rms490
0.000000 2.618581 3.003265 2.973041 2.871202 1.113400 1.133286 1.194720 1.091182
1.000000 2.600353 2.982323 2.952625 2.851748 1.066376 1.108316 1.101451 1.065160
2.000000 2.585320 2.965259 2.935900 2.835301 1.031971 1.072244 1.050173 1.030559
3.000000 2.576439 2.955899 2.926803 2.826401 1.005335 1.042223 1.016803 1.002209
4.000000 2.568951 2.946558 2.917717 2.817700 0.988681 1.023237 0.995055 0.982767
5.000000 2.562939 2.939369 2.910858 2.811059 0.976526 1.008445 0.979355 0.968327
6.000000 2.558498 2.934716 2.906169 2.806804 0.966482 0.997493 0.968203 0.957782
7.000000 2.554615 2.930096 2.901622 2.802531 0.959289 0.987740 0.958543 0.948466
8.000000 2.551325 2.926477 2.897776 2.799009 0.953301 0.979929 0.950198 0.941392
9.000000 2.549281 2.923827 2.895086 2.796020 0.948008 0.973459 0.943094 0.935073
10.000000 2.547283 2.921194 2.892740 2.793801 0.942483 0.967679 0.937434 0.929597
11.000000 2.545142 2.918476 2.890204 2.791400 0.938482 0.962088 0.932370 0.924351
12.000000 2.543556 2.916314 2.888332 2.789220 0.935301 0.957627 0.928010 0.920107
13.000000 2.542912 2.915687 2.887643 2.788558 0.932153 0.953546 0.924624 0.916967
14.000000 2.541658 2.913957 2.886041 2.786902 0.929202 0.950105 0.920766 0.913487
15.000000 2.540059 2.912142 2.884127 2.785017 0.926251 0.947425 0.917396 0.910850
16.000000 2.539133 2.911414 2.883142 2.784046 0.923961 0.944546 0.914477 0.907873
17.000000 2.537604 2.909875 2.881580 2.782507 0.921947 0.942043 0.912130 0.905513
18.000000 2.536665 2.908932 2.880288 2.781529 0.919631 0.939638 0.909869 0.903450
19.000000 2.535630 2.908076 2.879207 2.780409 0.917410 0.937677 0.907692 0.900965
20.000000 2.534853 2.907397 2.878728 2.780074 0.915732 0.935862 0.905612 0.899291
21.000000 2.534060 2.906184 2.877797 2.779108 0.913564 0.934087 0.903361 0.897675
22.000000 2.533448 2.905128 2.877041 2.778188 0.912061 0.932639 0.901650 0.896254
23.000000 2.533173 2.904956 2.876901 2.777986 0.910610 0.930917 0.900145 0.894679
24.000000 2.532768 2.904685 2.876539 2.777852 0.909237 0.929788 0.898808 0.893579
25.000000 2.531720 2.903512 2.875377 2.776606 0.907768 0.928508 0.897019 0.892051
26.000000 2.531044 2.902941 2.874727 2.776051 0.906515 0.927175 0.895759 0.890488
27.000000 2.530565 2.902591 2.874145 2.775808 0.905427 0.925392 0.894330 0.889276
28.000000 2.529834 2.901789 2.873431 2.775286 0.904344 0.924054 0.893110 0.887900
29.000000 2.529034 2.900905 2.872678 2.774535 0.903625 0.922796 0.892096 0.886772
30.000000 2.528619 2.900435 2.872211 2.774223 0.902718 0.921758 0.891115 0.885628
31.000000 2.528037 2.899565 2.871619 2.773520 0.902072 0.920803 0.890126 0.884539
32.000000 2.526970 2.898594 2.870289 2.772533 0.901415 0.919810 0.889062 0.883441
33.000000 2.526686 2.898130 2.869933 2.772183 0.900552 0.918956 0.888292 0.882654
34.000000 2.526178 2.897450 2.869297 2.771467 0.899517 0.918144 0.887203 0.881624
35.000000 2.526105 2.897094 2.869165 2.771255 0.898643 0.917573 0.886461 0.880685
36.000000 2.525738 2.896583 2.868523 2.770895 0.897677 0.916728 0.885514 0.879786
37.000000 2.525399 2.896302 2.868242 2.770480 0.897043 0.915773 0.885009 0.879031
38.000000 2.524895 2.895620 2.867732 2.769884 0.896511 0.914847 0.883917 0.878193
39.000000 2.524592 2.894991 2.867354 2.769276 0.895847 0.914222 0.883213 0.877519
40.000000 2.524232 2.894311 2.866882 2.768663 0.895097 0.913445 0.882392 0.876839
41.000000 2.523799 2.893963 2.866369 2.768064 0.894552 0.912593 0.881692 0.876068
42.000000 2.523491 2.893852 2.866210 2.767943 0.894242 0.911969 0.881097 0.875529
43.000000 2.523115 2.893603 2.865872 2.767543 0.893325 0.911366 0.880321 0.874912
44.000000 2.522602 2.893009 2.865132 2.766961 0.892759 0.910850 0.879594 0.874117
45.000000 2.522254 2.892739 2.864712 2.766796 0.892067 0.909984 0.879145 0.873191
46.000000 2.522053 2.892596 2.864489 2.766791 0.891691 0.909220 0.878528 0.872568
47.000000 2.521889 2.892506 2.864329 2.766581 0.891054 0.908746 0.877857 0.872098
48.000000 2.521463 2.892181 2.863835 2.766368 0.890551 0.908008 0.877436 0.871502
49.000000 2.521173 2.892150 2.863530 2.766238 0.889640 0.907447 0.876964 0.871223
50.000000 2.520968 2.892091 2.863168 2.766160 0.889130 0.906889 0.876585 0.870638
51.000000 2.520987 2.892117 2.863008 2.766153 0.888395 0.906349 0.876192 0.870360
52.000000 2.520726 2.891815 2.862728 2.765853 0.888178 0.905944 0.875509 0.869933
53.000000 2.520297 2.891451 2.862168 2.765506 0.887581 0.905454 0.875124 0.869267
54.000000 2.519864 2.890955 2.861895 2.765048 0.887161 0.904764 0.874576 0.868723
55.000000 2.519466 2.890732 2.861465 2.764726 0.886597 0.904409 0.874069 0.868395
56.000000 2.519052 2.890491 2.860979 2.764309 0.886186 0.903932 0.873566 0.867892
57.000000 2.518860 2.890352 2.860871 2.764237 0.885741 0.903305 0.873198 0.867306
58.000000 2.518356 2.889917 2.860396 2.763746 0.885753 0.902627 0.872828 0.866699
59.000000 2.518257 2.889737 2.860251 2.763512 0.885291 0.902296 0.872555 0.866442
60.000000 2.518040 2.889436 2.859755 2.763235 0.884692 0.902034 0.871840 0.865915
61.000000 2.517780 2.889296 2.859353 2.762900 0.884217 0.901431 0.871556 0.865483
62.000000 2.517898 2.889428 2.859455 2.762964 0.883791 0.901208 0.871096 0.865264
63.000000 2.517787 2.889284 2.859405 2.762876 0.883355 0.900911 0.870667 0.864983
64.000000 2.517785 2.889289 2.859363 2.762866 0.882939 0.900329 0.870367 0.864751
65.000000 2.517750 2.889238 2.859292 2.762743 0.882680 0.899895 0.869844 0.864402
66.000000 2.517626 2.888979 2.859075 2.762549 0.882533 0.899197 0.869615 0.863959
67.000000 2.517508 2.888658 2.858852 2.762291 0.882463 0.898681 0.869268 0.863503
68.000000 2.517357 2.888385 2.858610 2.762131 0.881999 0.898407 0.868804 0.863184
69.000000 2.517306 2.888088 2.858374 2.761809 0.881531 0.898148 0.868357 0.863032
70.000000 2.517481 2.888194 2.858622 2.761831 0.881171 0.897890 0.867914 0.862655
71.000000 2.517567 2.888108 2.858660 2.761681 0.880957 0.897644 0.867479 0.862177
72.000000 2.517522 2.888026 2.858540 2.761547 0.880716 0.897235 0.867172 0.861742
73.000000 2.517335 2.887840 2.858305 2.761284 0.880402 0.897214 0.866963 0.861278
74.000000 2.517093 2.887610 2.858061 2.760975 0.880418 0.896834 0.866788 0.860724
75.000000 2.516744 2.887287 2.857818 2.760799 0.880131 0.896380 0.866640 0.860400
76.000000 2.516515 2.887038 2.857808 2.760669 0.879995 0.895983 0.866377 0.860036
77.000000 2.516486 2.886841 2.857903 2.760655 0.879388 0.895203 0.865755 0.859326
78.000000 2.516154 2.886455 2.857260 2.760261 0.878535 0.894589 0.864820 0.858921
79.000000 2.516101 2.886460 2.857351 2.760196 0.877988 0.893933 0.864082 0.858331
80.000000 2.516078 2.886309 2.857065 2.760034 0.877228 0.893201 0.863738 0.857569
81.000000 2.515603 2.885831 2.856687 2.759431 0.876705 0.892561 0.863243 0.856781
82.000000 2.515127 2.885584 2.856021 2.758951 0.875944 0.892011 0.862627 0.856367
83.000000 2.514703 2.885169 2.855560 2.758374 0.875697 0.891322 0.862047 0.855927
84.000000 2.514483 2.884997 2.855350 2.758426 0.875195 0.890869 0.861625 0.855507
85.000000 2.514243 2.884716 2.854987 2.758184 0.874786 0.890453 0.861153 0.855158
86.000000 2.514045 2.884351 2.854797 2.757902 0.874382 0.890201 0.860596 0.854939
87.000000 2.513642 2.883948 2.854345 2.757639 0.874210 0.889860 0.860166 0.854308
88.000000 2.513412 2.883697 2.854046 2.757511 0.873630 0.889486 0.859885 0.853848
89.000000 2.513281 2.883818 2.853840 2.757567 0.873122 0.889183 0.859389 0.853475
90.000000 2.512932 2.883483 2.853481 2.757198 0.872729 0.888744 0.859029 0.853063
91.000000 2.512866 2.883499 2.853282 2.757157 0.872459 0.888309 0.858725 0.852717
92.000000 2.512546 2.883268 2.853092 2.756852 0.872026 0.887903 0.858451 0.852480
93.000000 2.512299 2.882833 2.852770 2.756335 0.871750 0.887383 0.858177 0.852105
94.000000 2.512230 2.882352 2.852552 2.756078 0.871654 0.887192 0.857854 0.851673
95.000000 2.512059 2.882355 2.852412 2.756096 0.871402 0.886880 0.857445 0.851348
96.000000 2.512037 2.882410 2.852250 2.756102 0.871040 0.886550 0.857101 0.851136
97.000000 2.511911 2.882318 2.852292 2.755973 0.870926 0.886313 0.856737 0.850774
98.000000 2.511881 2.882084 2.852354 2.755851 0.870657 0.886034 0.856532 0.850436
99.000000 2.511802 2.881963 2.852159 2.755736 0.870422 0.885767 0.856171 0.850178
100.000000 2.511854 2.881916 2.852212 2.755785 0.870314 0.885414 0.856040 0.849808
101.000000 2.511715 2.881754 2.852083 2.755559 0.869946 0.885064 0.855829 0.849685
102.000000 2.511601 2.881627 2.852008 2.755566 0.869692 0.884938 0.855363 0.849526
103.000000 2.511546 2.881412 2.851788 2.755444 0.869540 0.884632 0.855186 0.849264
104.000000 2.511623 2.881442 2.851770 2.755634 0.869339 0.884336 0.854974 0.849019
105.000000 2.511619 2.881394 2.851750 2.755537 0.869143 0.884044 0.854749 0.848771
106.000000 2.511529 2.881231 2.851596 2.755399 0.868920 0.883692 0.854615 0.848528
107.000000 2.511341 2.881195 2.851486 2.755353 0.868648 0.883630 0.854271 0.848318
108.000000 2.511241 2.880927 2.851220 2.755112 0.868289 0.883602 0.854096 0.848183
109.000000 2.511129 2.880847 2.851246 2.755055 0.867994 0.883401 0.853850 0.848146
110.000000 2.511054 2.880748 2.851111 2.754973 0.867822 0.883233 0.853638 0.847881
111.000000 2.510987 2.880643 2.851128 2.754918 0.867838 0.882963 0.853419 0.847609
112.000000 2.510738 2.880472 2.850980 2.754717 0.867564 0.882747 0.853274 0.847431
113.000000 2.510601 2.880328 2.850810 2.754489 0.867371 0.882525 0.853028 0.847308
114.000000 2.510685 2.880340 2.850800 2.754410 0.867279 0.882359 0.852919 0.847050
115.000000 2.510521 2.880065 2.850628 2.754125 0.867037 0.882239 0.852603 0.846972
116.000000 2.510449 2.879954 2.850553 2.754087 0.866918 0.882026 0.852437 0.846738
117.000000 2.510257 2.879734 2.850411 2.753843 0.866756 0.881857 0.852231 0.846538
118.000000 2.510252 2.879757 2.850365 2.753816 0.866596 0.881599 0.852130 0.846353
119.000000 2.510172 2.879727 2.850315 2.753823 0.866406 0.881515 0.851927 0.846226
120.000000 2.510150 2.879729 2.850328 2.753877 0.866306 0.881320 0.851829 0.846048
121.000000 2.510065 2.879633 2.850243 2.753825 0.866278 0.881035 0.851587 0.845916
122.000000 2.509871 2.879545 2.850198 2.753714 0.866106 0.880911 0.851359 0.845926
123.000000 2.509961 2.879384 2.850251 2.753570 0.865744 0.880885 0.851262 0.845753
124.000000 2.509886 2.879197 2.850160 2.753443 0.865797 0.880728 0.851201 0.845475
125.000000 2.509989 2.879160 2.850168 2.753382 0.865784 0.880554 0.851129 0.845283
126.000000 2.509921 2.879083 2.850093 2.753329 0.865692 0.880361 0.850991 0.845147
127.000000 2.509988 2.879136 2.850113 2.753270 0.865664 0.880264 0.850773 0.844923
128.000000 2.509960 2.879151 2.850166 2.753254 0.865480 0.880065 0.850618 0.844828
129.000000 2.509819 2.879092 2.850025 2.753280 0.865186 0.880090 0.850427 0.844597
130.000000 2.509800 2.879029 2.849967 2.753366 0.865106 0.879872 0.850278 0.844431
131.000000 2.509684 2.879018 2.849970 2.753364 0.865013 0.879764 0.850081 0.844328
132.000000 2.509519 2.878931 2.849911 2.753322 0.864800 0.879622 0.850028 0.844210
133.000000 2.509561 2.878997 2.849904 2.753261 0.864635 0.879559 0.849833 0.844063
134.000000 2.509479 2.878938 2.849755 2.753226 0.864339 0.879590 0.849625 0.844037
135.000000 2.509451 2.878892 2.849784 2.753116 0.864284 0.879311 0.849532 0.843898
136.000000 2.509324 2.878726 2.849635 2.752953 0.864233 0.879143 0.849399 0.843742
137.000000 2.509321 2.878823 2.849508 2.753015 0.864207 0.878934 0.849356 0.843461
138.000000 2.509288 2.878763 2.849464 2.752951 0.864052 0.878842 0.849276 0.843330
139.000000 2.509304 2.878764 2.849494 2.752925 0.863955 0.878690 0.849203 0.843221
140.000000 2.509143 2.878638 2.849452 2.752842 0.863800 0.878678 0.848975 0.843089
141.000000 2.508961 2.878642 2.849311 2.752781 0.863719 0.878579 0.848811 0.843078
142.000000 2.508964 2.878660 2.849322 2.752786 0.863503 0.878453 0.848663 0.843146
143.000000 2.509078 2.878707 2.849267 2.752823 0.863386 0.878396 0.848500 0.843000
144.000000 2.509003 2.878740 2.849278 2.752756 0.863238 0.878242 0.848309 0.842992
145.000000 2.508956 2.878761 2.849240 2.752788 0.863168 0.878142 0.848166 0.842823
146.000000 2.508887 2.878701 2.849236 2.752819 0.862908 0.878047 0.848037 0.842791
147.000000 2.508805 2.878701 2.849124 2.752816 0.862854 0.877951 0.847897 0.842650
148.000000 2.508802 2.878602 2.849111 2.752749 0.862669 0.877814 0.847765 0.842643
149.000000 2.508713 2.878606 2.849047 2.752668 0.862612 0.877603 0.847732 0.842537
150.000000 2.508791 2.878722 2.849105 2.752777 0.862541 0.877495 0.847540 0.842470
151.000000 2.508843 2.878686 2.849052 2.752808 0.862437 0.877346 0.847491 0.842375
152.000000 2.508750 2.878614 2.849038 2.752683 0.862251 0.877251 0.847469 0.842243
153.000000 2.508731 2.878611 2.848973 2.752626 0.862239 0.877039 0.847448 0.842066
154.000000 2.508730 2.878665 2.848988 2.752610 0.862106 0.876982 0.847366 0.841969
155.000000 2.508711 2.878560 2.848983 2.752546 0.861888 0.876872 0.847312 0.841959
156.000000 2.508656 2.878522 2.848906 2.752554 0.861814 0.876716 0.847263 0.841826
157.000000 2.508635 2.878450 2.848876 2.752600 0.861800 0.876634 0.847203 0.841689
158.000000 2.508638 2.878524 2.848816 2.752618 0.861738 0.876524 0.847118 0.841534
159.000000 2.508636 2.878504 2.848777 2.752621 0.861652 0.876384 0.847045 0.841443
160.000000 2.508639 2.878454 2.848694 2.752561 0.861640 0.876243 0.846973 0.841314
161.000000 2.508565 2.878432 2.848695 2.752553 0.861653 0.876198 0.846769 0.841171
162.000000 2.508575 2.878485 2.848724 2.752616 0.861570 0.876106 0.846708 0.841133
163.000000 2.508603 2.878357 2.848729 2.752511 0.861484 0.876011 0.846633 0.841063
164.000000 2.508570 2.878330 2.848696 2.752483 0.861430 0.875879 0.846613 0.840961
165.000000 2.508563 2.878267 2.848693 2.752472 0.861349 0.875846 0.846548 0.840813
166.000000 2.508452 2.878194 2.848616 2.752506 0.861256 0.875768 0.846434 0.840725
167.000000 2.508421 2.878211 2.848604 2.752508 0.861226 0.875718 0.846308 0.840667
168.000000 2.508466 2.878306 2.848672 2.752634 0.861255 0.875678 0.846184 0.840515
169.000000 2.508456 2.878403 2.848671 2.752671 0.861199 0.875511 0.846177 0.840407
170.000000 2.508334 2.878353 2.848653 2.752670 0.861086 0.875444 0.846049 0.840368
171.000000 2.508347 2.878383 2.848645 2.752693 0.860982 0.875344 0.845940 0.840303
172.000000 2.508425 2.878376 2.848653 2.752631 0.860852 0.875227 0.845950 0.840237
173.000000 2.508474 2.878392 2.848700 2.752661 0.860716 0.875180 0.845881 0.840159
174.000000 2.508479 2.878484 2.848650 2.752833 0.860722 0.875096 0.845778 0.840015
175.000000 2.508479 2.878508 2.848665 2.752892 0.860564 0.875158 0.845647 0.839962
176.000000 2.508363 2.878435 2.848585 2.752878 0.860511 0.875068 0.845555 0.839904
177.000000 2.508346 2.878406 2.848586 2.752999 0.860495 0.874970 0.845527 0.839772
178.000000 2.508380 2.878325 2.848573 2.752984 0.860397 0.874834 0.845541 0.839703
179.000000 2.508358 2.878420 2.848569 2.753048 0.860362 0.874759 0.845492 0.839584
180.000000 2.508367 2.878427 2.848517 2.753027 0.860262 0.874662 0.845425 0.839551
181.000000 2.508319 2.878417 2.848548 2.753024 0.860182 0.874628 0.845372 0.839495
182.000000 2.508309 2.878499 2.848605 2.753064 0.860233 0.874444 0.845329 0.839395
183.000000 2.508269 2.878516 2.848569 2.753056 0.860174 0.874308 0.845339 0.839225
184.000000 2.508286 2.878530 2.848576 2.753090 0.860224 0.874204 0.845194 0.839105
185.000000 2.508199 2.878454 2.848467 2.753016 0.860172 0.874092 0.845126 0.839077
186.000000 2.508198 2.878407 2.848395 2.752998 0.860123 0.874063 0.844990 0.839037
187.000000 2.508167 2.878500 2.848458 2.753011 0.860154 0.873974 0.844920 0.838937
188.000000 2.508074 2.878389 2.848366 2.752928 0.860088 0.873901 0.844895 0.838836
189.000000 2.507972 2.878236 2.848357 2.752834 0.860035 0.873903 0.844786 0.838738
190.000000 2.507952 2.878196 2.848288 2.752810 0.860039 0.873841 0.844654 0.838632
191.000000 2.507972 2.878156 2.848325 2.752760 0.859939 0.873794 0.844559 0.838559
192.000000 2.507966 2.878140 2.848335 2.752699 0.859896 0.873714 0.844480 0.838484
193.000000 2.507986 2.878123 2.848392 2.752701 0.859805 0.873667 0.844364 0.838405
194.000000 2.507898 2.878155 2.848454 2.752711 0.859800 0.873587 0.844263 0.838304
195.000000 2.507904 2.878183 2.848485 2.752653 0.859762 0.873495 0.844194 0.838254
196.000000 2.507890 2.878137 2.848434 2.752686 0.859632 0.873428 0.844149 0.838160
197.000000 2.507887 2.878107 2.848377 2.752604 0.859600 0.873389 0.844043 0.838087
198.000000 2.507910 2.878191 2.848447 2.752663 0.859484 0.873347 0.844041 0.837987
199.000000 2.507922 2.878195 2.848498 2.752658 0.859430 0.873286 0.843994 0.837928
200.000000 2.507903 2.878183 2.848477 2.752664 0.859375 0.873201 0.843869 0.837946
201.000000 2.507861 2.878184 2.848427 2.752599 0.859294 0.873134 0.843864 0.837943
202.000000 2.507857 2.878188 2.848417 2.752546 0.859253 0.873054 0.843762 0.837907
203.000000 2.507834 2.878215 2.848422 2.752590 0.859259 0.872917 0.843701 0.837842
204.000000 2.507827 2.878195 2.848357 2.752628 0.859145 0.872807 0.843606 0.837833
205.000000 2.507843 2.878215 2.848344 2.752659 0.859114 0.872717 0.843501 0.837784
206.000000 2.507824 2.878200 2.848322 2.752638 0.859050 0.872590 0.843480 0.837768
207.000000 2.507871 2.878231 2.848390 2.752623 0.859027 0.872497 0.843374 0.837738
208.000000 2.507870 2.878216 2.848396 2.752622 0.858954 0.872449 0.843323 0.837635
209.000000 2.507940 2.878236 2.848485 2.752600 0.858846 0.872467 0.843161 0.837614
210.000000 2.507980 2.878278 2.848466 2.752536 0.858794 0.872390 0.843138 0.837527
211.000000 2.508028 2.878287 2.848469 2.752545 0.858776 0.872273 0.843082 0.837420
212.000000 2.507990 2.878188 2.848460 2.752493 0.858740 0.872226 0.843055 0.837360
213.000000 2.507964 2.878223 2.848449 2.752558 0.858752 0.872162 0.843017 0.837236
214.000000 2.508040 2.878285 2.848586 2.752641 0.858679 0.872141 0.842928 0.837178
215.000000 2.508139 2.878262 2.848666 2.752660 0.858579 0.872122 0.842851 0.837173
216.000000 2.508182 2.878236 2.848697 2.752645 0.858541 0.872033 0.842821 0.837131
217.000000 2.508141 2.878292 2.848723 2.752671 0.858583 0.871893 0.842784 0.837024
218.000000 2.508138 2.878168 2.848741 2.752659 0.858577 0.871846 0.842700 0.837004
219.000000 2.508143 2.878120 2.848654 2.752596 0.858540 0.871787 0.842641 0.836971
220.000000 2.508114 2.878163 2.848650 2.752652 0.858494 0.871709 0.842624 0.836897
221.000000 2.508158 2.878090 2.848669 2.752647 0.858442 0.871663 0.842578 0.836836
222.000000 2.508175 2.878084 2.848721 2.752616 0.858396 0.871630 0.842470 0.836801
223.000000 2.508157 2.878079 2.848728 2.752614 0.858336 0.871610 0.842452 0.836727
224.000000 2.508207 2.878091 2.848690 2.752629 0.858303 0.871568 0.842392 0.836666
225.000000 2.508223 2.878172 2.848656 2.752629 0.858224 0.871539 0.842362 0.836576
226.000000 2.508218 2.878143 2.848713 2.752630 0.858197 0.871499 0.842312 0.836500
227.000000 2.508201 2.878141 2.848650 2.752594 0.858111 0.871446 0.842231 0.836465
228.000000 2.508228 2.878168 2.848676 2.752637 0.858028 0.871396 0.842212 0.836434
229.000000 2.508240 2.878220 2.848745 2.752663 0.858026 0.871351 0.842131 0.836364
230.000000 2.508202 2.878216 2.848710 2.752692 0.857972 0.871376 0.842041 0.836329
231.000000 2.508219 2.878277 2.848699 2.752736 0.857924 0.871327 0.841977 0.836301
232.000000 2.508233 2.878262 2.848707 2.752733 0.857879 0.871234 0.841940 0.836260
233.000000 2.508230 2.878265 2.848662 2.752752 0.857768 0.871230 0.841885 0.836220
234.000000 2.508212 2.878273 2.848611 2.752739 0.857778 0.871116 0.841907 0.836117
235.000000 2.508169 2.878310 2.848618 2.752745 0.857746 0.871066 0.841873 0.836062
236.000000 2.508190 2.878342 2.848635 2.752775 0.857702 0.871011 0.841836 0.836017
237.000000 2.508260 2.878419 2.848667 2.752863 0.857630 0.870991 0.841826 0.835933
238.000000 2.508275 2.878487 2.848743 2.752927 0.857601 0.870916 0.841823 0.835896
239.000000 2.508261 2.878508 2.848722 2.752853 0.857581 0.870885 0.841757 0.835852
240.000000 2.508251 2.878562 2.848745 2.752920 0.857572 0.870789 0.841703 0.835856
241.000000 2.508264 2.878558 2.848767 2.752921 0.857532 0.870762 0.841678 0.835847
242.000000 2.508291 2.878538 2.848797 2.752969 0.857427 0.870735 0.841615 0.835845
243.000000 2.508310 2.878487 2.848826 2.752905 0.857328 0.870688 0.841533 0.835829
244.000000 2.508373 2.878485 2.848849 2.752939 0.857267 0.870626 0.841547 0.835737
245.000000 2.508420 2.878512 2.848851 2.752936 0.857213 0.870578 0.841511 0.835696
246.000000 2.508423 2.878580 2.848905 2.752997 0.857153 0.870513 0.841487 0.835681
247.000000 2.508441 2.878587 2.848978 2.752994 0.857132 0.870469 0.841464 0.835624
248.000000 2.508387 2.878616 2.848961 2.753028 0.857125 0.870424 0.841415 0.835554
249.000000 2.508446 2.878607 2.848982 2.752981 0.857088 0.870410 0.841341 0.835465
250.000000 2.508453 2.878589 2.848946 2.752983 0.857093 0.870312 0.841335 0.835407
251.000000 2.508435 2.878571 2.848871 2.752972 0.857068 0.870227 0.841331 0.835344
252.000000 2.508445 2.878531 2.848944 2.752912 0.857050 0.870197 0.841267 0.835326
253.000000 2.508422 2.878535 2.848945 2.752901 0.856976 0.870182 0.841165 0.835297
254.000000 2.508415 2.878482 2.848928 2.752923 0.856944 0.870151 0.841170 0.835213
255.000000 2.508491 2.878542 2.849001 2.752931 0.856960 0.870088 0.841150 0.835161
256.000000 2.508530 2.878602 2.849048 2.752941 0.856906 0.870051 0.841113 0.835109
257.000000 2.508567 2.878618 2.849047 2.752948 0.856836 0.870017 0.841051 0.835109
258.000000 2.508549 2.878576 2.849067 2.752939 0.856816 0.869985 0.840958 0.835091
259.000000 2.508452 2.878546 2.849088 2.752934 0.856764 0.869954 0.840877 0.835097
260.000000 2.508454 2.878533 2.849047 2.752900 0.856759 0.869917 0.840785 0.835030
261.000000 2.508407 2.878498 2.848987 2.752881 0.856709 0.869849 0.840763 0.835017
262.000000 2.508393 2.878430 2.848987 2.752905 0.856704 0.869795 0.840689 0.834978
263.000000 2.508450 2.878459 2.849029 2.752913 0.856688 0.869750 0.840641 0.834933
264.000000 2.508465 2.878439 2.849013 2.752867 0.856664 0.869688 0.840557 0.834888
265.000000 2.508481 2.878412 2.849002 2.752820 0.856590 0.869682 0.840526 0.834839
266.000000 2.508472 2.878402 2.848994 2.752810 0.856597 0.869599 0.840492 0.834772
267.000000 2.508503 2.878446 2.848994 2.752810 0.856530 0.869544 0.840485 0.834727
268.000000 2.508456 2.878422 2.848941 2.752841 0.856487 0.869498 0.840466 0.834684
269.000000 2.508493 2.878452 2.848996 2.752918 0.856469 0.869439 0.840439 0.834667
270.000000 2.508526 2.878484 2.849005 2.752943 0.856436 0.869406 0.840409 0.834614
271.000000 2.508506 2.878506 2.848938 2.752977 0.856426 0.869353 0.840373 0.834569
272.000000 2.508498 2.878518 2.848982 2.752966 0.856418 0.869320 0.840356 0.834523
273.000000 2.508496 2.878529 2.848977 2.752967 0.856364 0.869313 0.840280 0.834516
274.000000 2.508533 2.878493 2.849009 2.752950 0.856310 0.869296 0.840269 0.834451
275.000000 2.508491 2.878548 2.849021 2.753020 0.856262 0.869274 0.840246 0.834402
276.000000 2.508503 2.878565 2.849047 2.753024 0.856231 0.869254 0.840179 0.834341
