# iter mean413 mean439 mean465 mean490 rms413 rms439 rms465 rms490
0.000000 2.661777 3.053461 3.021825 2.918681 1.212854 1.187231 1.214011 1.157778
1.000000 2.648566 3.039027 3.007268 2.904955 1.106554 1.129387 1.111887 1.093314
2.000000 2.635333 3.022796 2.991611 2.889846 1.056639 1.085728 1.061190 1.048696
3.000000 2.624198 3.009191 2.979108 2.877098 1.028751 1.056554 1.030329 1.019221
4.000000 2.615890 2.998840 2.969785 2.867406 1.010052 1.036308 1.008085 0.998663
5.000000 2.609684 2.992252 2.962675 2.860801 0.997511 1.021214 0.992764 0.982941
6.000000 2.605231 2.986723 2.957016 2.855858 0.987253 1.010168 0.981870 0.972776
7.000000 2.601298 2.982364 2.953045 2.851879 0.979272 1.001848 0.973901 0.964427
8.000000 2.597703 2.977682 2.949087 2.847651 0.972361 0.993228 0.964858 0.955979
9.000000 2.593744 2.973455 2.944639 2.843384 0.966095 0.986518 0.958879 0.949831
10.000000 2.590200 2.969381 2.940822 2.839498 0.961017 0.981071 0.953022 0.944574
11.000000 2.588237 2.966552 2.938356 2.836840 0.957950 0.975990 0.947667 0.939095
12.000000 2.586077 2.963881 2.935875 2.834181 0.953179 0.970968 0.942996 0.934494
13.000000 2.583216 2.960438 2.932592 2.831299 0.949393 0.966230 0.939060 0.930216
14.000000 2.581802 2.958706 2.930896 2.829607 0.946942 0.962577 0.935808 0.926892
15.000000 2.580332 2.956801 2.928904 2.828027 0.944343 0.959759 0.932822 0.924161
16.000000 2.578916 2.955196 2.927881 2.826180 0.942183 0.957015 0.929852 0.921414
17.000000 2.577898 2.953918 2.926815 2.824906 0.939725 0.954492 0.927131 0.918651
18.000000 2.576962 2.952585 2.925503 2.823360 0.937178 0.952020 0.924465 0.916756
19.000000 2.575865 2.951352 2.924298 2.822314 0.935437 0.950281 0.922634 0.914517
20.000000 2.574529 2.950018 2.922815 2.821347 0.933587 0.947951 0.920421 0.912224
21.000000 2.573765 2.949163 2.922107 2.820530 0.931549 0.946429 0.918276 0.910315
22.000000 2.572257 2.947907 2.920388 2.819202 0.929556 0.944567 0.916443 0.908567
23.000000 2.570816 2.946537 2.918722 2.817790 0.928483 0.942754 0.914683 0.906817
24.000000 2.570037 2.945689 2.917966 2.816852 0.927198 0.941090 0.913143 0.905198
25.000000 2.569711 2.945372 2.917454 2.816387 0.926074 0.939510 0.911283 0.903347
26.000000 2.569057 2.944533 2.916668 2.815499 0.924624 0.937925 0.909664 0.901997
27.000000 2.568366 2.943684 2.915750 2.814754 0.923493 0.936628 0.908574 0.900642
28.000000 2.567465 2.942836 2.914786 2.813899 0.922383 0.935257 0.907304 0.899388
29.000000 2.567012 2.942375 2.914441 2.813377 0.921694 0.933807 0.906161 0.898018
30.000000 2.566580 2.941804 2.914132 2.812905 0.920926 0.932875 0.904879 0.897022
31.000000 2.566001 2.941515 2.913645 2.812712 0.919744 0.931495 0.903731 0.896033
32.000000 2.565433 2.940829 2.913092 2.811961 0.918401 0.930562 0.902611 0.895128
33.000000 2.564344 2.939593 2.912152 2.810771 0.917442 0.929195 0.901637 0.893994
34.000000 2.563868 2.939069 2.911687 2.810436 0.916243 0.927914 0.900448 0.892716
35.000000 2.563429 2.938371 2.910888 2.809740 0.915182 0.926973 0.899435 0.891957
36.000000 2.562969 2.937887 2.910255 2.809423 0.914065 0.925867 0.898156 0.891107
37.000000 2.562408 2.937466 2.909538 2.808946 0.913074 0.924972 0.897525 0.890450
38.000000 2.562065 2.936971 2.909328 2.808611 0.912652 0.923998 0.896548 0.889381
39.000000 2.561970 2.936727 2.909084 2.808416 0.911776 0.923165 0.895851 0.888810
40.000000 2.561526 2.936192 2.908568 2.807902 0.910957 0.922153 0.895099 0.888167
41.000000 2.561009 2.935518 2.908094 2.807421 0.910122 0.921546 0.894423 0.887033
42.000000 2.560626 2.935033 2.907754 2.806996 0.909469 0.920977 0.893510 0.886422
43.000000 2.560121 2.934565 2.907187 2.806585 0.909039 0.920049 0.892549 0.885352
44.000000 2.559778 2.934132 2.906625 2.806090 0.908271 0.919108 0.892022 0.884568
45.000000 2.559243 2.933728 2.906268 2.805642 0.907804 0.918452 0.891042 0.883839
46.000000 2.558791 2.933244 2.905733 2.805183 0.906974 0.917783 0.890301 0.883259
47.000000 2.558638 2.932949 2.905331 2.804966 0.906702 0.916898 0.889867 0.882400
48.000000 2.558126 2.932575 2.904850 2.804634 0.906039 0.916291 0.889188 0.881513
49.000000 2.557736 2.932319 2.904458 2.804444 0.905314 0.915630 0.888445 0.880785
50.000000 2.557532 2.931942 2.904220 2.804148 0.904833 0.915067 0.888197 0.880269
51.000000 2.557446 2.932038 2.904139 2.804052 0.904221 0.914397 0.887566 0.879729
52.000000 2.556815 2.931602 2.903483 2.803472 0.903199 0.914027 0.886931 0.879497
53.000000 2.556478 2.931323 2.903094 2.803097 0.902801 0.913488 0.886273 0.878855
54.000000 2.556269 2.931098 2.902904 2.802952 0.901877 0.912959 0.885712 0.878313
55.000000 2.556138 2.930810 2.902595 2.802619 0.901388 0.912150 0.885132 0.877706
56.000000 2.556051 2.930649 2.902407 2.802485 0.900846 0.911692 0.884568 0.877403
57.000000 2.555722 2.930175 2.901944 2.802098 0.900571 0.911220 0.883986 0.876783
58.000000 2.555400 2.929932 2.901621 2.801831 0.900179 0.910675 0.883693 0.876458
59.000000 2.555188 2.929553 2.901350 2.801610 0.899586 0.910353 0.883204 0.876107
60.000000 2.554713 2.929256 2.900685 2.801205 0.898953 0.910029 0.882828 0.875725
61.000000 2.554508 2.929129 2.900509 2.801048 0.898812 0.909285 0.882439 0.875033
62.000000 2.554462 2.929095 2.900313 2.800834 0.898355 0.908785 0.882087 0.874409
63.000000 2.554174 2.928539 2.899852 2.800543 0.898114 0.908309 0.881238 0.873974
64.000000 2.554173 2.928564 2.899716 2.800418 0.897847 0.907523 0.880742 0.873455
65.000000 2.554088 2.928431 2.899507 2.800274 0.897381 0.906973 0.880160 0.873104
66.000000 2.553754 2.927973 2.899113 2.799985 0.897150 0.906561 0.879800 0.872740
67.000000 2.553458 2.927432 2.898717 2.799573 0.896867 0.906101 0.879404 0.872039
68.000000 2.553257 2.927177 2.898520 2.799250 0.896294 0.905658 0.878986 0.871936
69.000000 2.553366 2.927143 2.898508 2.799194 0.896014 0.905256 0.878564 0.871344
70.000000 2.553121 2.926874 2.898311 2.799059 0.895257 0.905137 0.878168 0.870962
71.000000 2.552904 2.926818 2.898263 2.798918 0.895111 0.904737 0.877706 0.870707
72.000000 2.552728 2.926815 2.898110 2.798946 0.894711 0.904314 0.877221 0.870357
73.000000 2.552582 2.926686 2.897938 2.798705 0.894464 0.904148 0.876934 0.869931
74.000000 2.552451 2.926601 2.897685 2.798620 0.894173 0.903672 0.876635 0.869519
75.000000 2.552222 2.926482 2.897384 2.798411 0.894033 0.903208 0.876196 0.869242
76.000000 2.551934 2.926248 2.897090 2.798168 0.893699 0.902861 0.875873 0.868846
77.000000 2.551469 2.925557 2.896560 2.797605 0.893459 0.902359 0.875554 0.868454
78.000000 2.551340 2.925376 2.896415 2.797298 0.893254 0.901985 0.875248 0.868308
79.000000 2.550966 2.925121 2.896040 2.797023 0.892832 0.901769 0.874926 0.868025
80.000000 2.550613 2.924768 2.895705 2.796613 0.892540 0.901409 0.874576 0.867608
81.000000 2.550520 2.924748 2.895687 2.796485 0.892142 0.901265 0.874091 0.867468
82.000000 2.550503 2.924610 2.895549 2.796571 0.891783 0.900926 0.873901 0.867128
83.000000 2.550478 2.924339 2.895439 2.796372 0.891387 0.900595 0.873464 0.866909
84.000000 2.550569 2.924320 2.895367 2.796437 0.891039 0.900294 0.873253 0.866725
85.000000 2.550537 2.924250 2.895430 2.796434 0.890962 0.900045 0.872816 0.866305
86.000000 2.550344 2.923885 2.895145 2.796252 0.890592 0.899806 0.872626 0.865918
87.000000 2.550258 2.923634 2.894883 2.796059 0.890136 0.899519 0.872272 0.865688
88.000000 2.549936 2.923297 2.894571 2.795838 0.890029 0.899174 0.872042 0.865268
89.000000 2.550083 2.923398 2.894753 2.795923 0.889476 0.899074 0.871789 0.864989
90.000000 2.549959 2.923172 2.894499 2.795575 0.889223 0.898781 0.871372 0.864808
91.000000 2.549714 2.923039 2.894303 2.795383 0.889283 0.898518 0.871076 0.864425
92.000000 2.549733 2.923071 2.894355 2.795338 0.889085 0.898146 0.871037 0.864101
93.000000 2.549487 2.922747 2.893962 2.795016 0.888792 0.897848 0.870725 0.863905
94.000000 2.549151 2.922498 2.893738 2.794717 0.888521 0.897589 0.870243 0.863722
95.000000 2.548992 2.922011 2.893585 2.794384 0.888217 0.897343 0.870071 0.863631
96.000000 2.548811 2.921938 2.893416 2.794364 0.887841 0.897119 0.869836 0.863456
97.000000 2.548888 2.921994 2.893377 2.794544 0.887543 0.896829 0.869827 0.863125
98.000000 2.548665 2.921565 2.893179 2.794347 0.887406 0.896532 0.869531 0.862765
99.000000 2.548454 2.921374 2.892900 2.794048 0.887189 0.896096 0.869311 0.862582
100.000000 2.548406 2.921355 2.892851 2.793981 0.886888 0.895928 0.869139 0.862319
101.000000 2.548247 2.921109 2.892604 2.793707 0.886716 0.895668 0.868802 0.862073
102.000000 2.548058 2.921165 2.892508 2.793741 0.886509 0.895407 0.868514 0.861887
103.000000 2.547917 2.920994 2.892337 2.793545 0.886428 0.894967 0.868456 0.861564
104.000000 2.547857 2.920960 2.892228 2.793390 0.886384 0.894564 0.868240 0.861158
105.000000 2.547730 2.920755 2.892081 2.793173 0.886272 0.894193 0.868084 0.860881
106.000000 2.547701 2.920720 2.892170 2.793160 0.885933 0.893889 0.867934 0.860659
107.000000 2.547659 2.920695 2.892007 2.793098 0.885877 0.893591 0.867829 0.860319
108.000000 2.547450 2.920586 2.891797 2.793003 0.885718 0.893396 0.867539 0.860084
109.000000 2.547469 2.920557 2.891722 2.792909 0.885528 0.893265 0.867241 0.859868
110.000000 2.547473 2.920576 2.891700 2.792864 0.885279 0.893040 0.867059 0.859795
111.000000 2.547325 2.920293 2.891469 2.792535 0.885107 0.892782 0.866942 0.859627
112.000000 2.547239 2.920218 2.891432 2.792473 0.884804 0.892850 0.866634 0.859466
113.000000 2.547148 2.920027 2.891346 2.792380 0.884428 0.892699 0.866464 0.859337
114.000000 2.547041 2.919862 2.891231 2.792320 0.884069 0.892445 0.866178 0.859241
115.000000 2.546903 2.919728 2.891164 2.792298 0.883838 0.892263 0.865951 0.859165
116.000000 2.546871 2.919780 2.891110 2.792323 0.883685 0.892155 0.865671 0.858955
117.000000 2.546829 2.919682 2.891140 2.792192 0.883686 0.891954 0.865444 0.858714
118.000000 2.546648 2.919434 2.890970 2.792014 0.883443 0.891795 0.865185 0.858570
119.000000 2.546362 2.919257 2.890807 2.791841 0.883277 0.891570 0.864996 0.858458
120.000000 2.546385 2.919261 2.890812 2.791828 0.883149 0.891445 0.864765 0.858199
121.000000 2.546340 2.919144 2.890749 2.791666 0.883064 0.891278 0.864559 0.857944
122.000000 2.546276 2.918989 2.890531 2.791544 0.882900 0.891095 0.864345 0.857872
123.000000 2.546150 2.919019 2.890358 2.791602 0.882749 0.890916 0.864024 0.857571
124.000000 2.546021 2.918831 2.890168 2.791300 0.882596 0.890729 0.863879 0.857352
125.000000 2.546023 2.918783 2.890069 2.791163 0.882418 0.890591 0.863763 0.857293
126.000000 2.545917 2.918708 2.889941 2.791105 0.882329 0.890229 0.863570 0.857118
127.000000 2.545813 2.918552 2.889878 2.791070 0.882213 0.890111 0.863341 0.856963
128.000000 2.545722 2.918429 2.889780 2.790965 0.882050 0.889920 0.863158 0.856925
129.000000 2.545753 2.918441 2.889751 2.790914 0.881927 0.889758 0.862862 0.856723
130.000000 2.545856 2.918365 2.889683 2.790803 0.881778 0.889537 0.862665 0.856514
131.000000 2.545690 2.918419 2.889595 2.790767 0.881575 0.889182 0.862616 0.856376
132.000000 2.545499 2.918181 2.889371 2.790722 0.881381 0.888949 0.862533 0.856184
133.000000 2.545401 2.918201 2.889266 2.790642 0.881332 0.888760 0.862268 0.856055
134.000000 2.545487 2.918134 2.889274 2.790606 0.881133 0.888626 0.862012 0.855926
135.000000 2.545369 2.918064 2.889245 2.790622 0.881001 0.888497 0.861837 0.855732
136.000000 2.545103 2.917747 2.889006 2.790410 0.880686 0.888505 0.861567 0.855710
137.000000 2.544960 2.917813 2.888830 2.790364 0.880647 0.888245 0.861523 0.855511
138.000000 2.544912 2.917752 2.888787 2.790333 0.880474 0.888152 0.861398 0.855335
139.000000 2.544673 2.917500 2.888462 2.790217 0.880230 0.888026 0.861307 0.855191
140.000000 2.544603 2.917470 2.888355 2.790188 0.880143 0.887858 0.861187 0.855086
141.000000 2.544594 2.917481 2.888328 2.790106 0.879947 0.887682 0.861060 0.854927
142.000000 2.544558 2.917470 2.888158 2.789997 0.879821 0.887492 0.860920 0.854719
143.000000 2.544533 2.917411 2.888104 2.789889 0.879663 0.887335 0.860826 0.854653
144.000000 2.544537 2.917302 2.888197 2.789984 0.879510 0.887200 0.860606 0.854584
145.000000 2.544548 2.917173 2.888232 2.789861 0.879332 0.887098 0.860462 0.854476
146.000000 2.544453 2.917046 2.888102 2.789698 0.879200 0.886952 0.860302 0.854305
147.000000 2.544541 2.916945 2.888162 2.789535 0.878993 0.886915 0.860129 0.854263
148.000000 2.544560 2.916924 2.888200 2.789635 0.878894 0.886709 0.859958 0.854178
149.000000 2.544406 2.916959 2.888157 2.789744 0.878840 0.886383 0.859955 0.853954
150.000000 2.544432 2.917110 2.888060 2.789690 0.878570 0.886286 0.859884 0.853790
151.000000 2.544415 2.917152 2.888087 2.789710 0.878440 0.886274 0.859654 0.853612
152.000000 2.544265 2.917054 2.887908 2.789564 0.878406 0.886187 0.859611 0.853338
153.000000 2.544303 2.917039 2.887908 2.789606 0.878215 0.886082 0.859480 0.853231
154.000000 2.544307 2.917129 2.887920 2.789737 0.878155 0.885932 0.859330 0.853099
155.000000 2.544379 2.917121 2.887981 2.789679 0.877978 0.885900 0.859025 0.853067
156.000000 2.544460 2.917109 2.888032 2.789610 0.877794 0.885726 0.858911 0.852941
157.000000 2.544380 2.917065 2.888016 2.789765 0.877649 0.885680 0.858695 0.852786
158.000000 2.544447 2.917020 2.887977 2.789710 0.877473 0.885561 0.858645 0.852657
159.000000 2.544328 2.916889 2.887906 2.789622 0.877385 0.885458 0.858568 0.852483
160.000000 2.544224 2.916757 2.887771 2.789499 0.877236 0.885303 0.858503 0.852328
161.000000 2.544288 2.916827 2.887722 2.789567 0.877217 0.885070 0.858406 0.852225
162.000000 2.544224 2.916760 2.887667 2.789549 0.877059 0.884956 0.858295 0.852171
163.000000 2.544315 2.916669 2.887681 2.789514 0.877046 0.884810 0.858173 0.852010
164.000000 2.544283 2.916567 2.887603 2.789472 0.876901 0.884686 0.858011 0.851907
165.000000 2.544314 2.916626 2.887662 2.789563 0.876898 0.884443 0.857967 0.851670
166.000000 2.544297 2.916635 2.887649 2.789612 0.876876 0.884272 0.857871 0.851521
167.000000 2.544266 2.916707 2.887630 2.789627 0.876641 0.884250 0.857745 0.851512
168.000000 2.544180 2.916604 2.887493 2.789580 0.876534 0.884098 0.857679 0.851399
169.000000 2.544073 2.916540 2.887435 2.789562 0.876482 0.884092 0.857541 0.851244
170.000000 2.544016 2.916400 2.887308 2.789509 0.876517 0.883849 0.857496 0.851051
171.000000 2.544019 2.916286 2.887237 2.789477 0.876305 0.883762 0.857448 0.850920
172.000000 2.543894 2.916171 2.887208 2.789387 0.876211 0.883647 0.857395 0.850788
173.000000 2.543815 2.916044 2.887100 2.789221 0.876144 0.883594 0.857259 0.850646
174.000000 2.543816 2.916020 2.887160 2.789230 0.876148 0.883486 0.857145 0.850500
175.000000 2.543724 2.916011 2.887128 2.789175 0.876037 0.883449 0.856988 0.850400
176.000000 2.543753 2.916078 2.887128 2.789294 0.875994 0.883312 0.856798 0.850269
177.000000 2.543592 2.915997 2.887020 2.789143 0.875916 0.883165 0.856692 0.850185
178.000000 2.543568 2.915901 2.887081 2.789151 0.875880 0.883081 0.856550 0.850079
179.000000 2.543479 2.915757 2.886968 2.789051 0.875753 0.882950 0.856554 0.850008
180.000000 2.543505 2.915777 2.886920 2.789015 0.875597 0.882821 0.856405 0.849918
181.000000 2.543535 2.915735 2.886897 2.788998 0.875474 0.882659 0.856322 0.849817
182.000000 2.543586 2.915757 2.886983 2.789047 0.875218 0.882597 0.856248 0.849769
183.000000 2.543486 2.915737 2.886955 2.789038 0.875146 0.882474 0.856104 0.849677
184.000000 2.543484 2.915692 2.886996 2.788959 0.874977 0.882432 0.856037 0.849657
185.000000 2.543452 2.915710 2.886900 2.788967 0.875005 0.882277 0.855985 0.849500
186.000000 2.543477 2.915770 2.886970 2.789013 0.874905 0.882221 0.855787 0.849472
187.000000 2.543410 2.915757 2.886890 2.788984 0.874824 0.882162 0.855631 0.849367
188.000000 2.543368 2.915675 2.886792 2.788903 0.874787 0.881911 0.855542 0.849344
189.000000 2.543256 2.915443 2.886698 2.788733 0.874697 0.881808 0.855437 0.849235
190.000000 2.543278 2.915533 2.886829 2.788787 0.874622 0.881659 0.855354 0.849203
191.000000 2.543242 2.915544 2.886845 2.788765 0.874528 0.881489 0.855329 0.849058
192.000000 2.543250 2.915583 2.886894 2.788804 0.874459 0.881302 0.855234 0.849092
193.000000 2.543213 2.915620 2.886840 2.788831 0.874397 0.881133 0.855103 0.849006
194.000000 2.543122 2.915589 2.886888 2.788798 0.874377 0.880941 0.855143 0.848866
195.000000 2.543032 2.915435 2.886771 2.788720 0.874301 0.880910 0.854972 0.848783
196.000000 2.543049 2.915541 2.886841 2.788809 0.874263 0.880847 0.854858 0.848762
197.000000 2.543102 2.915565 2.886873 2.788823 0.874179 0.880782 0.854720 0.848669
198.000000 2.543170 2.915542 2.886942 2.788855 0.874143 0.880639 0.854545 0.848580
199.000000 2.543200 2.915583 2.886930 2.788851 0.874064 0.880584 0.854480 0.848494
200.000000 2.543188 2.915591 2.886958 2.788805 0.873905 0.880416 0.854461 0.848437
201.000000 2.543152 2.915629 2.886916 2.788822 0.873812 0.880283 0.854470 0.848295
202.000000 2.543172 2.915579 2.886980 2.788737 0.873711 0.880166 0.854345 0.848192
203.000000 2.543181 2.915594 2.887031 2.788767 0.873730 0.880015 0.854314 0.848078
204.000000 2.543143 2.915629 2.886927 2.788790 0.873617 0.879879 0.854186 0.848090
205.000000 2.543154 2.915662 2.886910 2.788835 0.873493 0.879782 0.854036 0.848058
206.000000 2.543123 2.915655 2.886814 2.788819 0.873449 0.879690 0.853938 0.847976
207.000000 2.543165 2.915606 2.886863 2.788820 0.873387 0.879614 0.853809 0.847885
208.000000 2.543129 2.915630 2.886840 2.788905 0.873327 0.879592 0.853715 0.847768
209.000000 2.543097 2.915583 2.886828 2.788812 0.873368 0.879511 0.853601 0.847658
210.000000 2.543104 2.915553 2.886779 2.788839 0.873323 0.879389 0.853539 0.847634
211.000000 2.543092 2.915483 2.886707 2.788778 0.873227 0.879295 0.853455 0.847570
212.000000 2.543117 2.915461 2.886663 2.788814 0.873094 0.879272 0.853434 0.847478
213.000000 2.543086 2.915438 2.886675 2.788730 0.872953 0.879169 0.853393 0.847390
214.000000 2.543013 2.915484 2.886651 2.788768 0.872878 0.879071 0.853362 0.847315
215.000000 2.543003 2.915563 2.886606 2.788806 0.872819 0.878987 0.853307 0.847183
216.000000 2.543046 2.915518 2.886658 2.788768 0.872809 0.878911 0.853167 0.847106
217.000000 2.543081 2.915417 2.886611 2.788681 0.872755 0.878827 0.853110 0.846969
218.000000 2.543073 2.915426 2.886621 2.788703 0.872689 0.878772 0.853087 0.846783
219.000000 2.543039 2.915455 2.886634 2.788688 0.872633 0.878669 0.853051 0.846708
220.000000 2.542978 2.915437 2.886624 2.788717 0.872563 0.878605 0.852972 0.846638
221.000000 2.543041 2.915480 2.886672 2.788804 0.872495 0.878549 0.852972 0.846594
222.000000 2.543131 2.915483 2.886774 2.788776 0.872393 0.878589 0.852785 0.846595
223.000000 2.543116 2.915497 2.886792 2.788850 0.872304 0.878552 0.852651 0.846490
224.000000 2.543002 2.915452 2.886711 2.788771 0.872275 0.878479 0.852560 0.846376
225.000000 2.543063 2.915466 2.886745 2.788746 0.872152 0.878475 0.852463 0.846269
226.000000 2.543025 2.915474 2.886720 2.788746 0.872098 0.878359 0.852374 0.846250
227.000000 2.543012 2.915480 2.886703 2.788730 0.872048 0.878191 0.852369 0.846193
228.000000 2.542986 2.915423 2.886658 2.788658 0.872039 0.878091 0.852280 0.846116
229.000000 2.542961 2.915420 2.886672 2.788668 0.871872 0.878063 0.852251 0.846090
230.000000 2.542996 2.915400 2.886703 2.788628 0.871779 0.878026 0.852212 0.846030
231.000000 2.543042 2.915489 2.886702 2.788651 0.871670 0.877972 0.852149 0.845982
232.000000 2.543073 2.915490 2.886693 2.788694 0.871573 0.877895 0.852090 0.845949
233.000000 2.542983 2.915482 2.886653 2.788669 0.871556 0.877777 0.852031 0.845878
234.000000 2.542980 2.915460 2.886634 2.788656 0.871566 0.877719 0.851973 0.845792
235.000000 2.543076 2.915486 2.886702 2.788591 0.871546 0.877733 0.851896 0.845639
236.000000 2.543103 2.915443 2.886719 2.788618 0.871510 0.877664 0.851808 0.845583
237.000000 2.543080 2.915440 2.886721 2.788629 0.871388 0.877691 0.851727 0.845535
238.000000 2.543014 2.915472 2.886659 2.788637 0.871311 0.877636 0.851667 0.845495
239.000000 2.543074 2.915499 2.886623 2.788615 0.871253 0.877635 0.851557 0.845406
240.000000 2.543027 2.915499 2.886651 2.788617 0.871203 0.877615 0.851436 0.845335
241.000000 2.543019 2.915494 2.886677 2.788681 0.871099 0.877584 0.851426 0.845242
242.000000 2.543040 2.915461 2.886688 2.788728 0.871013 0.877547 0.851371 0.845192
243.000000 2.543044 2.915553 2.886627 2.788764 0.870989 0.877374 0.851334 0.845170
244.000000 2.543032 2.915508 2.886626 2.788800 0.870954 0.877321 0.851223 0.845065
245.000000 2.543018 2.915492 2.886642 2.788769 0.870867 0.877333 0.851139 0.844962
246.000000 2.543062 2.915494 2.886639 2.788758 0.870836 0.877262 0.851069 0.844906
247.000000 2.543133 2.915497 2.886697 2.788772 0.870799 0.877203 0.851042 0.844811
248.000000 2.543184 2.915629 2.886733 2.788855 0.870773 0.877198 0.850953 0.844763
249.000000 2.543239 2.915570 2.886734 2.788851 0.870726 0.877114 0.850913 0.844717
250.000000 2.543185 2.915472 2.886631 2.788758 0.870710 0.877028 0.850860 0.844631
251.000000 2.543193 2.915475 2.886572 2.788780 0.870612 0.876956 0.850837 0.844573
252.000000 2.543118 2.915440 2.886524 2.788741 0.870540 0.876928 0.850823 0.844484
253.000000 2.543112 2.915437 2.886481 2.788773 0.870482 0.876866 0.850772 0.844450
254.000000 2.543165 2.915454 2.886515 2.788793 0.870332 0.876855 0.850721 0.844442
255.000000 2.543188 2.915562 2.886512 2.788879 0.870247 0.876800 0.850675 0.844380
256.000000 2.543181 2.915558 2.886538 2.788887 0.870166 0.876747 0.850604 0.844365
257.000000 2.543127 2.915426 2.886473 2.788863 0.870129 0.876687 0.850616 0.844268
258.000000 2.543093 2.915434 2.886387 2.788926 0.870138 0.876629 0.850556 0.844166
259.000000 2.543081 2.915447 2.886412 2.788939 0.870090 0.876557 0.850517 0.844127
260.000000 2.543155 2.915472 2.886543 2.788927 0.870036 0.876580 0.850420 0.844106
261.000000 2.543139 2.915539 2.886557 2.788932 0.869992 0.876492 0.850359 0.844069
262.000000 2.543154 2.915511 2.886605 2.788924 0.869939 0.876398 0.850366 0.843984
263.000000 2.543093 2.915489 2.886554 2.788885 0.869900 0.876333 0.850260 0.843963
264.000000 2.543026 2.915460 2.886508 2.788817 0.869818 0.876300 0.850203 0.843923
265.000000 2.542959 2.915512 2.886466 2.788848 0.869791 0.876255 0.850139 0.843853
266.000000 2.542987 2.915512 2.886501 2.788875 0.869764 0.876212 0.850085 0.843795
267.000000 2.542993 2.915514 2.886478 2.788838 0.869732 0.876105 0.850076 0.843754
268.000000 2.543029 2.915521 2.886501 2.788881 0.869703 0.876038 0.850052 0.843676
269.000000 2.543036 2.915527 2.886567 2.788843 0.869664 0.875989 0.849937 0.843693
270.000000 2.543077 2.915474 2.886632 2.788766 0.869682 0.875889 0.849951 0.843613
271.000000 2.543049 2.915456 2.886708 2.788684 0.869681 0.875823 0.849862 0.843579
272.000000 2.543068 2.915486 2.886745 2.788730 0.869682 0.875727 0.849808 0.843501
273.000000 2.543052 2.915459 2.886787 2.788724 0.869619 0.875713 0.849789 0.843434
274.000000 2.543064 2.915520 2.886780 2.788793 0.869540 0.875658 0.849749 0.843387
275.000000 2.543093 2.915532 2.886713 2.788814 0.869475 0.875625 0.849715 0.843310
276.000000 2.543107 2.915544 2.886766 2.788839 0.869435 0.875504 0.849670 0.843292
277.000000 2.543131 2.915511 2.886804 2.788794 0.869404 0.875421 0.849673 0.843241
278.000000 2.543105 2.915499 2.886790 2.788779 0.869437 0.875348 0.849586 0.843141
279.000000 2.543113 2.915535 2.886829 2.788751 0.869411 0.875302 0.849530 0.843098
280.000000 2.543124 2.915592 2.886842 2.788765 0.869364 0.875223 0.849529 0.843035
281.000000 2.543179 2.915623 2.886843 2.788802 0.869328 0.875099 0.849497 0.843037
282.000000 2.543219 2.915668 2.886936 2.788868 0.869323 0.875020 0.849396 0.842987
283.000000 2.543162 2.915662 2.886848 2.788847 0.869288 0.874976 0.849385 0.842873
284.000000 2.543136 2.915617 2.886810 2.788761 0.869170 0.874942 0.849330 0.842869
285.000000 2.543175 2.915657 2.886851 2.788810 0.869093 0.874917 0.849265 0.842805
286.000000 2.543209 2.915660 2.886855 2.788774 0.869026 0.874834 0.849223 0.842794
287.000000 2.543284 2.915655 2.886897 2.788800 0.868929 0.874877 0.849146 0.842724
288.000000 2.543269 2.915685 2.886892 2.788797 0.868852 0.874787 0.849111 0.842702
289.000000 2.543322 2.915693 2.886881 2.788785 0.868800 0.874726 0.849094 0.842676
290.000000 2.543377 2.915704 2.886883 2.788815 0.868755 0.874686 0.849069 0.842654
291.000000 2.543319 2.915746 2.886836 2.788851 0.868711 0.874622 0.849013 0.842594
292.000000 2.543315 2.915727 2.886843 2.788791 0.868656 0.874588 0.848988 0.842523
293.000000 2.543294 2.915736 2.886876 2.788825 0.868638 0.874521 0.848900 0.842490
294.000000 2.543300 2.915748 2.886890 2.788858 0.868626 0.874481 0.848830 0.842446
295.000000 2.543354 2.915777 2.886901 2.788879 0.868550 0.874395 0.848864 0.842395
296.000000 2.543277 2.915754 2.886861 2.788859 0.868520 0.874331 0.848831 0.842355
297.000000 2.543269 2.915735 2.886826 2.788828 0.868457 0.874308 0.848780 0.842352
298.000000 2.543249 2.915728 2.886788 2.788807 0.868417 0.874264 0.848732 0.842310
299.000000 2.543206 2.915728 2.886791 2.788852 0.868373 0.874214 0.848668 0.842248
300.000000 2.543228 2.915725 2.886758 2.788858 0.868343 0.874169 0.848617 0.842186
